y1 y2 y3 y4 y5 y6 y7 y8 y9 y10
 36.867  36.867  36.867  36.867  36.867  36.867  36.867  36.867  36.867  36.867
 47.290  47.290  47.290  47.290  47.290  47.290  47.290  47.290  47.290  47.290
 49.020  49.020  49.020  49.020  49.020  49.020  49.020  49.020  49.020  49.020
 41.360  41.360  41.360  41.360  41.360  41.360  41.360  41.360  41.360  41.360
 44.551  44.551  44.551  44.551  44.551  44.551  44.551  44.551  44.551  44.551
 47.365  47.365  47.365  47.365  47.365  47.365  47.365  47.365  47.365  47.365
 41.750  41.750  41.750  41.750  41.750  41.750  41.750  41.750  41.750  41.750
 44.805  44.805  44.805  44.805  44.805  44.805  44.805  44.805  44.805  44.805
 44.805  44.805  44.805  44.805  44.805  44.805  44.805  44.805  44.805  44.805
 44.805  44.805  44.805  44.805  44.805  44.805  44.805  44.805  44.805  44.805
 47.051  47.051  47.051  47.051  47.051  47.051  47.051  47.051  47.051  47.051
 48.788  48.788  48.788  48.788  48.788  48.788  48.788  48.788  48.788  48.788
 47.499  47.499  47.499  47.499  47.499  47.499  47.499  47.499  47.499  47.499
 44.631  44.631  44.631  44.631  44.631  44.631  44.631  44.631  44.631  44.631
 49.962  49.962  49.962  49.962  49.962  49.962  49.962  49.962  49.962  49.962
 45.224  45.224  45.224  45.224  45.224  45.224  45.224  45.224  45.224  45.224
 35.698  35.698  35.698  35.698  35.698  35.698  35.698  35.698  35.698  35.698
 40.980  40.980  40.980  40.980  40.980  40.980  40.980  40.980  40.980  40.980
 43.239  43.239  43.239  43.239  43.239  43.239  43.239  43.239  43.239  43.239
 37.643  37.643  37.643  37.643  37.643  37.643  37.643  37.643  37.643  37.643
 46.730  46.730  46.730  46.730  46.730  46.730  46.730  46.730  46.730  46.730
 43.099  43.099  43.099  43.099  43.099  43.099  43.099  43.099  43.099  43.099
 43.687  43.687  43.687  43.687  43.687  43.687  43.687  43.687  43.687  43.687
 45.130  45.130  45.130  45.130  45.130  45.130  45.130  45.130  45.130  45.130
 43.687  43.687  43.687  43.687  43.687  43.687  43.687  43.687  43.687  43.687
 46.082  46.082  46.082  46.082  46.082  46.082  46.082  46.082  46.082  46.082
 46.263  46.263  46.263  46.263  46.263  46.263  46.263  46.263  46.263  46.263
 47.679  47.679  47.679  47.679  47.679  47.679  47.679  47.679  47.679  47.679
 46.053  46.053  46.053  46.053  46.053  46.053  46.053  46.053  46.053  46.053
 39.241  39.241  39.241  39.241  39.241  39.241  39.241  39.241  39.241  39.241
 53.742  53.742  53.742  53.742  53.742  53.742  53.742  53.742  53.742  53.742
 45.502  45.502  45.502  45.502  45.502  45.502  45.502  45.502  45.502  45.502
 42.795  42.795  42.795  42.795  42.795  42.795  42.795  42.795  42.795  42.795
 43.930  43.930  43.930  43.930  43.930  43.930  43.930  43.930  43.930  43.930
 46.251  46.251  46.251  46.251  46.251  46.251  46.251  46.251  46.251  46.251
 43.099  43.099  43.099  43.099  43.099  43.099  43.099  43.099  43.099  43.099
 52.776  18.930   5.783  42.008   3.695   5.606  31.487  14.845  20.387  31.604
 40.644  40.644  40.644  40.644  40.644  40.644  40.644  40.644  40.644  40.644
 45.392  45.392  45.392  45.392  45.392  45.392  45.392  45.392  45.392  45.392
 43.506  43.506  43.506  43.506  43.506  43.506  43.506  43.506  43.506  43.506
 43.099  43.099  43.099  43.099  43.099  43.099  43.099  43.099  43.099  43.099
 47.541  47.541  47.541  47.541  47.541  47.541  47.541  47.541  47.541  47.541
 47.713  47.713  47.713  47.713  47.713  47.713  47.713  47.713  47.713  47.713
 28.533   7.870  27.940  -7.863  40.336   6.458  48.773  16.326  32.061  26.970
 45.392  45.392  45.392  45.392  45.392  45.392  45.392  45.392  45.392  45.392
 46.033  46.033  46.033  46.033  46.033  46.033  46.033  46.033  46.033  46.033
 35.264  35.264  35.264  35.264  35.264  35.264  35.264  35.264  35.264  35.264
 65.343  47.741  46.810  27.016  16.523  37.641  42.922  66.526  37.946  43.821
 29.796  29.796  29.796  29.796  29.796  29.796  29.796  29.796  29.796  29.796
 33.394  33.394  33.394  33.394  33.394  33.394  33.394  33.394  33.394  33.394
 33.956  33.956  33.956  33.956  33.956  33.956  33.956  33.956  33.956  33.956
 27.136  27.136  27.136  27.136  27.136  27.136  27.136  27.136  27.136  27.136
 30.690  30.690  30.690  30.690  30.690  30.690  30.690  30.690  30.690  30.690
 45.392  45.392  45.392  45.392  45.392  45.392  45.392  45.392  45.392  45.392
 46.764  46.764  46.764  46.764  46.764  46.764  46.764  46.764  46.764  46.764
 44.208  44.208  44.208  44.208  44.208  44.208  44.208  44.208  44.208  44.208
 46.094  46.094  46.094  46.094  46.094  46.094  46.094  46.094  46.094  46.094
 45.506  45.506  45.506  45.506  45.506  45.506  45.506  45.506  45.506  45.506
 36.915  36.915  36.915  36.915  36.915  36.915  36.915  36.915  36.915  36.915
 37.257  37.257  37.257  37.257  37.257  37.257  37.257  37.257  37.257  37.257
 33.693  33.693  33.693  33.693  33.693  33.693  33.693  33.693  33.693  33.693
 46.123  46.123  46.123  46.123  46.123  46.123  46.123  46.123  46.123  46.123
 45.326  45.326  45.326  45.326  45.326  45.326  45.326  45.326  45.326  45.326
 44.805  44.805  44.805  44.805  44.805  44.805  44.805  44.805  44.805  44.805
 44.805  44.805  44.805  44.805  44.805  44.805  44.805  44.805  44.805  44.805
 44.805  44.805  44.805  44.805  44.805  44.805  44.805  44.805  44.805  44.805
 45.976  45.976  45.976  45.976  45.976  45.976  45.976  45.976  45.976  45.976
 42.069  42.069  42.069  42.069  42.069  42.069  42.069  42.069  42.069  42.069
 42.069  42.069  42.069  42.069  42.069  42.069  42.069  42.069  42.069  42.069
 39.577  39.577  39.577  39.577  39.577  39.577  39.577  39.577  39.577  39.577
 39.210  39.210  39.210  39.210  39.210  39.210  39.210  39.210  39.210  39.210
 48.839  48.839  48.839  48.839  48.839  48.839  48.839  48.839  48.839  48.839
 34.323  34.323  34.323  34.323  34.323  34.323  34.323  34.323  34.323  34.323
 45.392  45.392  45.392  45.392  45.392  45.392  45.392  45.392  45.392  45.392
 25.723  25.723  25.723  25.723  25.723  25.723  25.723  25.723  25.723  25.723
 25.260  25.260  25.260  25.260  25.260  25.260  25.260  25.260  25.260  25.260
 33.094  33.094  33.094  33.094  33.094  33.094  33.094  33.094  33.094  33.094
 27.431  27.431  27.431  27.431  27.431  27.431  27.431  27.431  27.431  27.431
 47.679  47.679  47.679  47.679  47.679  47.679  47.679  47.679  47.679  47.679
 42.920  42.920  42.920  42.920  42.920  42.920  42.920  42.920  42.920  42.920
 47.679  47.679  47.679  47.679  47.679  47.679  47.679  47.679  47.679  47.679
 43.099  43.099  43.099  43.099  43.099  43.099  43.099  43.099  43.099  43.099
 39.421  39.421  39.421  39.421  39.421  39.421  39.421  39.421  39.421  39.421
 28.344  28.174  23.546  18.830 -18.101  21.188 -10.641  33.126  36.833  34.887
 36.987  36.987  36.987  36.987  36.987  36.987  36.987  36.987  36.987  36.987
 43.099  43.099  43.099  43.099  43.099  43.099  43.099  43.099  43.099  43.099
 46.562  46.562  46.562  46.562  46.562  46.562  46.562  46.562  46.562  46.562
 43.826  43.826  43.826  43.826  43.826  43.826  43.826  43.826  43.826  43.826
 44.805  44.805  44.805  44.805  44.805  44.805  44.805  44.805  44.805  44.805
 49.962  49.962  49.962  49.962  49.962  49.962  49.962  49.962  49.962  49.962
 45.963  45.963  45.963  45.963  45.963  45.963  45.963  45.963  45.963  45.963
 42.919  42.919  42.919  42.919  42.919  42.919  42.919  42.919  42.919  42.919
 45.794  45.794  45.794  45.794  45.794  45.794  45.794  45.794  45.794  45.794
 46.123  46.123  46.123  46.123  46.123  46.123  46.123  46.123  46.123  46.123
 46.123  46.123  46.123  46.123  46.123  46.123  46.123  46.123  46.123  46.123
 45.976  45.976  45.976  45.976  45.976  45.976  45.976  45.976  45.976  45.976
 45.976  45.976  45.976  45.976  45.976  45.976  45.976  45.976  45.976  45.976
 45.976  45.976  45.976  45.976  45.976  45.976  45.976  45.976  45.976  45.976
 -1.805   6.956  15.832  11.165  35.961  16.056  36.749  45.104  -4.976  24.046
 44.208  44.208  44.208  44.208  44.208  44.208  44.208  44.208  44.208  44.208
 29.298  29.298  29.298  29.298  29.298  29.298  29.298  29.298  29.298  29.298
 31.976  31.976  31.976  31.976  31.976  31.976  31.976  31.976  31.976  31.976
 29.964  29.964  29.964  29.964  29.964  29.964  29.964  29.964  29.964  29.964
 39.426  39.426  39.426  39.426  39.426  39.426  39.426  39.426  39.426  39.426
 43.327  43.327  43.327  43.327  43.327  43.327  43.327  43.327  43.327  43.327
 44.805  44.805  44.805  44.805  44.805  44.805  44.805  44.805  44.805  44.805
 44.944  44.944  44.944  44.944  44.944  44.944  44.944  44.944  44.944  44.944
 44.805  44.805  44.805  44.805  44.805  44.805  44.805  44.805  44.805  44.805
 38.279  38.279  38.279  38.279  38.279  38.279  38.279  38.279  38.279  38.279
 46.545  46.545  46.545  46.545  46.545  46.545  46.545  46.545  46.545  46.545
 46.939  46.939  46.939  46.939  46.939  46.939  46.939  46.939  46.939  46.939
 52.286  52.286  52.286  52.286  52.286  52.286  52.286  52.286  52.286  52.286
 42.057  42.057  42.057  42.057  42.057  42.057  42.057  42.057  42.057  42.057
 47.332  47.332  47.332  47.332  47.332  47.332  47.332  47.332  47.332  47.332
 45.392  45.392  45.392  45.392  45.392  45.392  45.392  45.392  45.392  45.392
 40.188  40.188  40.188  40.188  40.188  40.188  40.188  40.188  40.188  40.188
 43.590  43.590  43.590  43.590  43.590  43.590  43.590  43.590  43.590  43.590
 45.392  45.392  45.392  45.392  45.392  45.392  45.392  45.392  45.392  45.392
 46.711  46.711  46.711  46.711  46.711  46.711  46.711  46.711  46.711  46.711
 16.539  49.108  37.858  28.958  18.454  44.039  48.445  63.101  50.809  33.687
 43.639  43.639  43.639  43.639  43.639  43.639  43.639  43.639  43.639  43.639
 41.446  41.446  41.446  41.446  41.446  41.446  41.446  41.446  41.446  41.446
-12.309  44.542   3.663  17.021  34.136  32.951  28.130  18.989  29.391  11.726
 32.885  55.193   7.212  27.950  47.392   8.887   6.078  12.096  30.176 -18.185
 44.805  44.805  44.805  44.805  44.805  44.805  44.805  44.805  44.805  44.805
 42.069  42.069  42.069  42.069  42.069  42.069  42.069  42.069  42.069  42.069
 39.354  56.397  36.796   9.559   2.866  17.322  -6.483  46.466  49.457  -0.366
 45.485   4.087  30.814  25.676 -14.682  17.632  19.807  22.438  13.777  52.137
 44.243  44.243  44.243  44.243  44.243  44.243  44.243  44.243  44.243  44.243
 44.243  44.243  44.243  44.243  44.243  44.243  44.243  44.243  44.243  44.243
 34.826  57.488  26.435  15.443  39.752  24.956  52.506  55.754  39.782  59.599
 43.506  43.506  43.506  43.506  43.506  43.506  43.506  43.506  43.506  43.506
 48.507  48.507  48.507  48.507  48.507  48.507  48.507  48.507  48.507  48.507
 32.432  32.432  32.432  32.432  32.432  32.432  32.432  32.432  32.432  32.432
 20.807  43.548  26.955  39.318  40.605  38.661  32.745  60.362  14.567  65.931
  1.693  36.778   9.148   9.038   8.931  74.553  34.807  68.110   4.603  42.131
 46.670  46.670  46.670  46.670  46.670  46.670  46.670  46.670  46.670  46.670
 43.394  43.394  43.394  43.394  43.394  43.394  43.394  43.394  43.394  43.394
 44.468  44.468  44.468  44.468  44.468  44.468  44.468  44.468  44.468  44.468
 45.392  45.392  45.392  45.392  45.392  45.392  45.392  45.392  45.392  45.392
 44.468  44.468  44.468  44.468  44.468  44.468  44.468  44.468  44.468  44.468
 44.468  44.468  44.468  44.468  44.468  44.468  44.468  44.468  44.468  44.468
 44.468  44.468  44.468  44.468  44.468  44.468  44.468  44.468  44.468  44.468
 38.169  38.169  38.169  38.169  38.169  38.169  38.169  38.169  38.169  38.169
 45.392  45.392  45.392  45.392  45.392  45.392  45.392  45.392  45.392  45.392
 43.506  43.506  43.506  43.506  43.506  43.506  43.506  43.506  43.506  43.506
 43.687  43.687  43.687  43.687  43.687  43.687  43.687  43.687  43.687  43.687
 48.013  48.013  48.013  48.013  48.013  48.013  48.013  48.013  48.013  48.013
 46.123  46.123  46.123  46.123  46.123  46.123  46.123  46.123  46.123  46.123
 44.805  44.805  44.805  44.805  44.805  44.805  44.805  44.805  44.805  44.805
 44.495  44.495  44.495  44.495  44.495  44.495  44.495  44.495  44.495  44.495
 46.835  46.835  46.835  46.835  46.835  46.835  46.835  46.835  46.835  46.835
 53.134  53.134  53.134  53.134  53.134  53.134  53.134  53.134  53.134  53.134
 44.624  44.624  44.624  44.624  44.624  44.624  44.624  44.624  44.624  44.624
 44.657  44.657  44.657  44.657  44.657  44.657  44.657  44.657  44.657  44.657
 54.118  54.118  54.118  54.118  54.118  54.118  54.118  54.118  54.118  54.118
 39.713  53.512  55.141  88.465  82.183  91.266  53.468  48.840  52.387  68.463
 39.165  39.165  39.165  39.165  39.165  39.165  39.165  39.165  39.165  39.165
 43.075  29.950  38.944   4.476  23.191  41.726  37.812 -19.452  22.774  11.413
 52.215  52.215  52.215  52.215  52.215  52.215  52.215  52.215  52.215  52.215
 46.123  46.123  46.123  46.123  46.123  46.123  46.123  46.123  46.123  46.123
 46.123  46.123  46.123  46.123  46.123  46.123  46.123  46.123  46.123  46.123
 49.573  49.573  49.573  49.573  49.573  49.573  49.573  49.573  49.573  49.573
 40.089  40.089  40.089  40.089  40.089  40.089  40.089  40.089  40.089  40.089
 69.155  72.145  80.250  52.580  29.232  81.828  46.012  65.565  60.097  23.687
 36.793  36.793  36.793  36.793  36.793  36.793  36.793  36.793  36.793  36.793
 32.751  32.751  32.751  32.751  32.751  32.751  32.751  32.751  32.751  32.751
 -0.267  50.272  20.218  21.293  66.225  21.738  37.777  63.541  11.583  33.101
 25.818  25.818  25.818  25.818  25.818  25.818  25.818  25.818  25.818  25.818
 36.076  36.076  36.076  36.076  36.076  36.076  36.076  36.076  36.076  36.076
 41.756  41.756  41.756  41.756  41.756  41.756  41.756  41.756  41.756  41.756
 45.532  45.532  45.532  45.532  45.532  45.532  45.532  45.532  45.532  45.532
 12.120  13.979  41.631  51.025  20.115  26.705  33.818  11.541  -3.182  20.541
 48.083  48.083  48.083  48.083  48.083  48.083  48.083  48.083  48.083  48.083
 44.805  44.805  44.805  44.805  44.805  44.805  44.805  44.805  44.805  44.805
 48.757  48.757  48.757  48.757  48.757  48.757  48.757  48.757  48.757  48.757
 48.575  48.575  48.575  48.575  48.575  48.575  48.575  48.575  48.575  48.575
 33.643  33.643  33.643  33.643  33.643  33.643  33.643  33.643  33.643  33.643
 36.220  36.220  36.220  36.220  36.220  36.220  36.220  36.220  36.220  36.220
 44.159  44.159  44.159  44.159  44.159  44.159  44.159  44.159  44.159  44.159
 48.056  48.056  48.056  48.056  48.056  48.056  48.056  48.056  48.056  48.056
 45.392  45.392  45.392  45.392  45.392  45.392  45.392  45.392  45.392  45.392
 38.302  38.302  38.302  38.302  38.302  38.302  38.302  38.302  38.302  38.302
 45.976  45.976  45.976  45.976  45.976  45.976  45.976  45.976  45.976  45.976
 44.805  44.805  44.805  44.805  44.805  44.805  44.805  44.805  44.805  44.805
 73.481  85.339  62.585  98.887  52.767  66.277  94.566  46.477  96.343  67.972
 53.186  53.186  53.186  53.186  53.186  53.186  53.186  53.186  53.186  53.186
 47.679  47.679  47.679  47.679  47.679  47.679  47.679  47.679  47.679  47.679
 49.627  49.627  49.627  49.627  49.627  49.627  49.627  49.627  49.627  49.627
 45.212  45.212  45.212  45.212  45.212  45.212  45.212  45.212  45.212  45.212
 39.505  39.505  39.505  39.505  39.505  39.505  39.505  39.505  39.505  39.505
 46.202  46.202  46.202  46.202  46.202  46.202  46.202  46.202  46.202  46.202
 47.679  47.679  47.679  47.679  47.679  47.679  47.679  47.679  47.679  47.679
 48.267  48.267  48.267  48.267  48.267  48.267  48.267  48.267  48.267  48.267
 47.679  47.679  47.679  47.679  47.679  47.679  47.679  47.679  47.679  47.679
 48.267  48.267  48.267  48.267  48.267  48.267  48.267  48.267  48.267  48.267
 34.058  47.617  19.556  -3.680  12.926  25.690   7.202  37.738  34.926  32.332
 28.620  39.788   3.855  28.220   1.250  26.784  21.231  19.567  11.602  25.471
 41.155  41.155  41.155  41.155  41.155  41.155  41.155  41.155  41.155  41.155
 46.123  46.123  46.123  46.123  46.123  46.123  46.123  46.123  46.123  46.123
 63.861  61.047  30.519  75.013  59.999  88.952  51.779 115.969  63.586  86.121
 46.262  46.262  46.262  46.262  46.262  46.262  46.262  46.262  46.262  46.262
 48.201  48.201  48.201  48.201  48.201  48.201  48.201  48.201  48.201  48.201
 46.655  46.655  46.655  46.655  46.655  46.655  46.655  46.655  46.655  46.655
 44.623  44.623  44.623  44.623  44.623  44.623  44.623  44.623  44.623  44.623
 41.522  41.522  41.522  41.522  41.522  41.522  41.522  41.522  41.522  41.522
 44.805  44.805  44.805  44.805  44.805  44.805  44.805  44.805  44.805  44.805
 44.321  44.321  44.321  44.321  44.321  44.321  44.321  44.321  44.321  44.321
-10.134  61.009  55.773  36.448  31.087  44.955  57.386  41.644  28.548  55.612
 83.643  87.286  39.104  40.712  46.554  57.421  50.143  50.381  55.413  47.903
 44.805  44.805  44.805  44.805  44.805  44.805  44.805  44.805  44.805  44.805
-16.661   9.600  21.421   5.895  40.716  14.284  49.374  42.633  12.078   3.558
 45.392  45.392  45.392  45.392  45.392  45.392  45.392  45.392  45.392  45.392
 44.805  44.805  44.805  44.805  44.805  44.805  44.805  44.805  44.805  44.805
 44.805  44.805  44.805  44.805  44.805  44.805  44.805  44.805  44.805  44.805
 44.805  44.805  44.805  44.805  44.805  44.805  44.805  44.805  44.805  44.805
 44.805  44.805  44.805  44.805  44.805  44.805  44.805  44.805  44.805  44.805
 43.506  43.506  43.506  43.506  43.506  43.506  43.506  43.506  43.506  43.506
 44.177  44.177  44.177  44.177  44.177  44.177  44.177  44.177  44.177  44.177
 44.497  44.497  44.497  44.497  44.497  44.497  44.497  44.497  44.497  44.497
 41.441  41.441  41.441  41.441  41.441  41.441  41.441  41.441  41.441  41.441
 37.626  37.626  37.626  37.626  37.626  37.626  37.626  37.626  37.626  37.626
 40.065  40.065  40.065  40.065  40.065  40.065  40.065  40.065  40.065  40.065
 17.065   7.024   4.186  55.794  62.098  66.692  55.075  40.546  38.363  48.011
 55.111  58.859  45.075  66.515  68.304  74.621  51.012  79.752  81.182  54.167
 70.892  44.355  50.529  45.048  75.197  66.491  53.792  62.740  45.879 113.749
 43.293  43.293  43.293  43.293  43.293  43.293  43.293  43.293  43.293  43.293
 37.525  37.525  37.525  37.525  37.525  37.525  37.525  37.525  37.525  37.525
 37.780  37.780  37.780  37.780  37.780  37.780  37.780  37.780  37.780  37.780
 38.915  38.915  38.915  38.915  38.915  38.915  38.915  38.915  38.915  38.915
 32.551  32.551  32.551  32.551  32.551  32.551  32.551  32.551  32.551  32.551
 38.881  38.881  38.881  38.881  38.881  38.881  38.881  38.881  38.881  38.881
 34.653  34.653  34.653  34.653  34.653  34.653  34.653  34.653  34.653  34.653
 31.557  31.557  31.557  31.557  31.557  31.557  31.557  31.557  31.557  31.557
 38.190  38.190  38.190  38.190  38.190  38.190  38.190  38.190  38.190  38.190
 34.310  34.310  34.310  34.310  34.310  34.310  34.310  34.310  34.310  34.310
 45.251  45.251  45.251  45.251  45.251  45.251  45.251  45.251  45.251  45.251
 41.764  41.764  41.764  41.764  41.764  41.764  41.764  41.764  41.764  41.764
 39.672  39.672  39.672  39.672  39.672  39.672  39.672  39.672  39.672  39.672
 46.545  46.545  46.545  46.545  46.545  46.545  46.545  46.545  46.545  46.545
 44.805  44.805  44.805  44.805  44.805  44.805  44.805  44.805  44.805  44.805
 44.657  44.657  44.657  44.657  44.657  44.657  44.657  44.657  44.657  44.657
 44.805  44.805  44.805  44.805  44.805  44.805  44.805  44.805  44.805  44.805
 41.922  41.922  41.922  41.922  41.922  41.922  41.922  41.922  41.922  41.922
 36.428  36.428  36.428  36.428  36.428  36.428  36.428  36.428  36.428  36.428
 46.426  46.426  46.426  46.426  46.426  46.426  46.426  46.426  46.426  46.426
 37.975  37.975  37.975  37.975  37.975  37.975  37.975  37.975  37.975  37.975
 36.138  36.138  36.138  36.138  36.138  36.138  36.138  36.138  36.138  36.138
 51.868  51.868  51.868  51.868  51.868  51.868  51.868  51.868  51.868  51.868
 44.578  44.578  44.578  44.578  44.578  44.578  44.578  44.578  44.578  44.578
 40.396  40.396  40.396  40.396  40.396  40.396  40.396  40.396  40.396  40.396
 48.381  48.381  48.381  48.381  48.381  48.381  48.381  48.381  48.381  48.381
 44.341  44.341  44.341  44.341  44.341  44.341  44.341  44.341  44.341  44.341
 46.094  46.094  46.094  46.094  46.094  46.094  46.094  46.094  46.094  46.094
 36.339  36.339  36.339  36.339  36.339  36.339  36.339  36.339  36.339  36.339
 29.234  29.234  29.234  29.234  29.234  29.234  29.234  29.234  29.234  29.234
 32.562  32.562  32.562  32.562  32.562  32.562  32.562  32.562  32.562  32.562
 28.046  28.046  28.046  28.046  28.046  28.046  28.046  28.046  28.046  28.046
 29.753  29.753  29.753  29.753  29.753  29.753  29.753  29.753  29.753  29.753
 44.357  44.357  44.357  44.357  44.357  44.357  44.357  44.357  44.357  44.357
 47.232  47.232  47.232  47.232  47.232  47.232  47.232  47.232  47.232  47.232
 47.232  47.232  47.232  47.232  47.232  47.232  47.232  47.232  47.232  47.232
 42.616  42.616  42.616  42.616  42.616  42.616  42.616  42.616  42.616  42.616
 50.276  50.276  50.276  50.276  50.276  50.276  50.276  50.276  50.276  50.276
 33.146  33.146  33.146  33.146  33.146  33.146  33.146  33.146  33.146  33.146
 31.416  31.416  31.416  31.416  31.416  31.416  31.416  31.416  31.416  31.416
 54.775 -16.824  36.722 -19.946  14.113  12.360  29.389   3.744  27.348  -3.390
 43.826  43.826  43.826  43.826  43.826  43.826  43.826  43.826  43.826  43.826
 48.575  48.575  48.575  48.575  48.575  48.575  48.575  48.575  48.575  48.575
 43.239  43.239  43.239  43.239  43.239  43.239  43.239  43.239  43.239  43.239
 25.872  25.872  25.872  25.872  25.872  25.872  25.872  25.872  25.872  25.872
 35.568  35.568  35.568  35.568  35.568  35.568  35.568  35.568  35.568  35.568
 35.486  35.486  35.486  35.486  35.486  35.486  35.486  35.486  35.486  35.486
 38.623  38.623  38.623  38.623  38.623  38.623  38.623  38.623  38.623  38.623
 47.232  47.232  47.232  47.232  47.232  47.232  47.232  47.232  47.232  47.232
 45.321  45.321  45.321  45.321  45.321  45.321  45.321  45.321  45.321  45.321
 45.387  45.387  45.387  45.387  45.387  45.387  45.387  45.387  45.387  45.387
 44.116  44.116  44.116  44.116  44.116  44.116  44.116  44.116  44.116  44.116
 36.828  36.828  36.828  36.828  36.828  36.828  36.828  36.828  36.828  36.828
 46.202  46.202  46.202  46.202  46.202  46.202  46.202  46.202  46.202  46.202
 44.379  44.379  44.379  44.379  44.379  44.379  44.379  44.379  44.379  44.379
 44.805  44.805  44.805  44.805  44.805  44.805  44.805  44.805  44.805  44.805
 44.805  44.805  44.805  44.805  44.805  44.805  44.805  44.805  44.805  44.805
 47.499  47.499  47.499  47.499  47.499  47.499  47.499  47.499  47.499  47.499
 45.976  45.976  45.976  45.976  45.976  45.976  45.976  45.976  45.976  45.976
 46.123  46.123  46.123  46.123  46.123  46.123  46.123  46.123  46.123  46.123
 46.123  46.123  46.123  46.123  46.123  46.123  46.123  46.123  46.123  46.123
 49.861   6.009  47.829  88.596  55.687  58.389  58.767  37.409  27.661  15.697
 46.463  46.463  46.463  46.463  46.463  46.463  46.463  46.463  46.463  46.463
 47.186  47.186  47.186  47.186  47.186  47.186  47.186  47.186  47.186  47.186
 50.867  50.867  50.867  50.867  50.867  50.867  50.867  50.867  50.867  50.867
 51.429  51.429  51.429  51.429  51.429  51.429  51.429  51.429  51.429  51.429
 47.541  47.541  47.541  47.541  47.541  47.541  47.541  47.541  47.541  47.541
 49.108  49.108  49.108  49.108  49.108  49.108  49.108  49.108  49.108  49.108
 40.426   3.812  43.742  35.860   4.523  33.906  28.335  39.295  52.642  19.105
 33.807  53.740  33.638 -11.343  10.879  -2.969 -14.737  31.636  -5.255  20.334
 28.140  43.028  58.397  20.520  14.092  37.868  68.426  36.084  15.896  57.494
 26.026  11.698  14.200  41.850  -0.573  31.338   8.836  -9.646  39.276 -14.441
 44.657  44.657  44.657  44.657  44.657  44.657  44.657  44.657  44.657  44.657
 47.679  47.679  47.679  47.679  47.679  47.679  47.679  47.679  47.679  47.679
 44.805  44.805  44.805  44.805  44.805  44.805  44.805  44.805  44.805  44.805
 45.179  45.179  45.179  45.179  45.179  45.179  45.179  45.179  45.179  45.179
 46.676  46.676  46.676  46.676  46.676  46.676  46.676  46.676  46.676  46.676
 12.171  20.305  -0.540  -7.167  41.644  34.186   0.948  -5.967   0.400  27.562
 31.287  31.287  31.287  31.287  31.287  31.287  31.287  31.287  31.287  31.287
 41.041  41.041  41.041  41.041  41.041  41.041  41.041  41.041  41.041  41.041
 42.379  42.379  42.379  42.379  42.379  42.379  42.379  42.379  42.379  42.379
 40.828  40.828  40.828  40.828  40.828  40.828  40.828  40.828  40.828  40.828
 37.074  37.074  37.074  37.074  37.074  37.074  37.074  37.074  37.074  37.074
 44.657  44.657  44.657  44.657  44.657  44.657  44.657  44.657  44.657  44.657
 44.805  44.805  44.805  44.805  44.805  44.805  44.805  44.805  44.805  44.805
 48.381  48.381  48.381  48.381  48.381  48.381  48.381  48.381  48.381  48.381
 44.805  44.805  44.805  44.805  44.805  44.805  44.805  44.805  44.805  44.805
 44.805  44.805  44.805  44.805  44.805  44.805  44.805  44.805  44.805  44.805
 37.458  37.458  37.458  37.458  37.458  37.458  37.458  37.458  37.458  37.458
 17.765  66.201  20.427  62.746   4.693  61.281   3.500  42.062   7.308  32.862
 30.855  30.855  30.855  30.855  30.855  30.855  30.855  30.855  30.855  30.855
 43.617  43.617  43.617  43.617  43.617  43.617  43.617  43.617  43.617  43.617
 26.657  26.657  26.657  26.657  26.657  26.657  26.657  26.657  26.657  26.657
 40.996  40.996  40.996  40.996  40.996  40.996  40.996  40.996  40.996  40.996
 44.631  44.631  44.631  44.631  44.631  44.631  44.631  44.631  44.631  44.631
 39.603  39.603  39.603  39.603  39.603  39.603  39.603  39.603  39.603  39.603
 44.657  44.657  44.657  44.657  44.657  44.657  44.657  44.657  44.657  44.657
 48.851  48.851  48.851  48.851  48.851  48.851  48.851  48.851  48.851  48.851
 45.392  45.392  45.392  45.392  45.392  45.392  45.392  45.392  45.392  45.392
 46.123  46.123  46.123  46.123  46.123  46.123  46.123  46.123  46.123  46.123
 46.123  46.123  46.123  46.123  46.123  46.123  46.123  46.123  46.123  46.123
 57.506 104.828  44.077  22.899  59.965  81.917  69.005  38.269  53.694  60.850
 46.123  46.123  46.123  46.123  46.123  46.123  46.123  46.123  46.123  46.123
 46.645  46.645  46.645  46.645  46.645  46.645  46.645  46.645  46.645  46.645
 46.123  46.123  46.123  46.123  46.123  46.123  46.123  46.123  46.123  46.123
 45.597  49.917  51.906  25.291  58.316  51.187  40.127  46.601  69.803  67.110
 48.777  48.777  48.777  48.777  48.777  48.777  48.777  48.777  48.777  48.777
 45.976  45.976  45.976  45.976  45.976  45.976  45.976  45.976  45.976  45.976
 44.657  44.657  44.657  44.657  44.657  44.657  44.657  44.657  44.657  44.657
 47.381  47.381  47.381  47.381  47.381  47.381  47.381  47.381  47.381  47.381
 48.777  48.777  48.777  48.777  48.777  48.777  48.777  48.777  48.777  48.777
 18.495  22.762  49.069  26.976  60.644  45.748  59.907  41.293  40.148  54.383
 46.123  46.123  46.123  46.123  46.123  46.123  46.123  46.123  46.123  46.123
 46.123  46.123  46.123  46.123  46.123  46.123  46.123  46.123  46.123  46.123
 46.123  46.123  46.123  46.123  46.123  46.123  46.123  46.123  46.123  46.123
 46.123  46.123  46.123  46.123  46.123  46.123  46.123  46.123  46.123  46.123
 40.765  40.765  40.765  40.765  40.765  40.765  40.765  40.765  40.765  40.765
 44.805  44.805  44.805  44.805  44.805  44.805  44.805  44.805  44.805  44.805
 47.679  47.679  47.679  47.679  47.679  47.679  47.679  47.679  47.679  47.679
 44.805  44.805  44.805  44.805  44.805  44.805  44.805  44.805  44.805  44.805
 44.805  44.805  44.805  44.805  44.805  44.805  44.805  44.805  44.805  44.805
 47.158  47.158  47.158  47.158  47.158  47.158  47.158  47.158  47.158  47.158
 36.056  36.056  36.056  36.056  36.056  36.056  36.056  36.056  36.056  36.056
 32.631  32.631  32.631  32.631  32.631  32.631  32.631  32.631  32.631  32.631
 33.013  33.013  33.013  33.013  33.013  33.013  33.013  33.013  33.013  33.013
 39.112  39.112  39.112  39.112  39.112  39.112  39.112  39.112  39.112  39.112
 46.711  46.711  46.711  46.711  46.711  46.711  46.711  46.711  46.711  46.711
 44.786  44.786  44.786  44.786  44.786  44.786  44.786  44.786  44.786  44.786
 46.123  46.123  46.123  46.123  46.123  46.123  46.123  46.123  46.123  46.123
 45.976  45.976  45.976  45.976  45.976  45.976  45.976  45.976  45.976  45.976
 43.965  53.789  57.115 106.642  66.723  77.001  77.736  45.798  70.289  46.995
 44.490  44.490  44.490  44.490  44.490  44.490  44.490  44.490  44.490  44.490
 48.937  48.937  48.937  48.937  48.937  48.937  48.937  48.937  48.937  48.937
 46.062  46.062  46.062  46.062  46.062  46.062  46.062  46.062  46.062  46.062
 46.062  46.062  46.062  46.062  46.062  46.062  46.062  46.062  46.062  46.062
 45.974  45.974  45.974  45.974  45.974  45.974  45.974  45.974  45.974  45.974
 46.062  46.062  46.062  46.062  46.062  46.062  46.062  46.062  46.062  46.062
 48.154  48.154  48.154  48.154  48.154  48.154  48.154  48.154  48.154  48.154
 28.258   7.545   7.864  31.915  33.456 109.718  77.774  36.630  28.991  11.396
 52.725  52.725  52.725  52.725  52.725  52.725  52.725  52.725  52.725  52.725
 42.154  42.154  42.154  42.154  42.154  42.154  42.154  42.154  42.154  42.154
 37.476  37.476  37.476  37.476  37.476  37.476  37.476  37.476  37.476  37.476
 46.218  46.218  46.218  46.218  46.218  46.218  46.218  46.218  46.218  46.218
 45.295  45.295  45.295  45.295  45.295  45.295  45.295  45.295  45.295  45.295
 43.137  43.137  43.137  43.137  43.137  43.137  43.137  43.137  43.137  43.137
 30.309  30.309  30.309  30.309  30.309  30.309  30.309  30.309  30.309  30.309
 30.979  30.979  30.979  30.979  30.979  30.979  30.979  30.979  30.979  30.979
 39.426  39.426  39.426  39.426  39.426  39.426  39.426  39.426  39.426  39.426
 36.303  36.303  36.303  36.303  36.303  36.303  36.303  36.303  36.303  36.303
 96.148  48.195  55.981  25.633  54.417  91.856  61.144  37.115  27.284  80.176
 42.603  42.603  42.603  42.603  42.603  42.603  42.603  42.603  42.603  42.603
 18.000  21.376  21.959  33.417  17.438  42.224  23.754  -5.561  27.262  31.424
 28.482  28.482  28.482  28.482  28.482  28.482  28.482  28.482  28.482  28.482
 43.826  43.826  43.826  43.826  43.826  43.826  43.826  43.826  43.826  43.826
 35.826  35.826  35.826  35.826  35.826  35.826  35.826  35.826  35.826  35.826
 47.146  47.146  47.146  47.146  47.146  47.146  47.146  47.146  47.146  47.146
 35.773  35.773  35.773  35.773  35.773  35.773  35.773  35.773  35.773  35.773
 28.712  28.712  28.712  28.712  28.712  28.712  28.712  28.712  28.712  28.712
 42.310  42.310  42.310  42.310  42.310  42.310  42.310  42.310  42.310  42.310
 37.598  60.767   3.608  49.514  44.703  14.659  74.766  45.644  44.314  19.439
 67.091  48.010  64.568  41.856  29.395  96.761  77.491  61.013  74.146  43.879
 47.407  47.407  47.407  47.407  47.407  47.407  47.407  47.407  47.407  47.407
 46.670  46.670  46.670  46.670  46.670  46.670  46.670  46.670  46.670  46.670
 46.670  46.670  46.670  46.670  46.670  46.670  46.670  46.670  46.670  46.670
 43.000  56.682  39.489  56.376  44.946  59.220  31.761  26.830   2.194  47.853
 59.616  91.631  38.991  92.914  75.102  42.378  44.256  71.085 102.135  64.214
 48.777  48.777  48.777  48.777  48.777  48.777  48.777  48.777  48.777  48.777
 45.976  45.976  45.976  45.976  45.976  45.976  45.976  45.976  45.976  45.976
 44.657  44.657  44.657  44.657  44.657  44.657  44.657  44.657  44.657  44.657
 45.976  45.976  45.976  45.976  45.976  45.976  45.976  45.976  45.976  45.976
 48.851  48.851  48.851  48.851  48.851  48.851  48.851  48.851  48.851  48.851
 34.307  34.307  34.307  34.307  34.307  34.307  34.307  34.307  34.307  34.307
 36.091  36.091  36.091  36.091  36.091  36.091  36.091  36.091  36.091  36.091
 40.991  40.991  40.991  40.991  40.991  40.991  40.991  40.991  40.991  40.991
 47.669  47.669  47.669  47.669  47.669  47.669  47.669  47.669  47.669  47.669
 51.334  51.334  51.334  51.334  51.334  51.334  51.334  51.334  51.334  51.334
 45.913  45.913  45.913  45.913  45.913  45.913  45.913  45.913  45.913  45.913
 40.776  40.776  40.776  40.776  40.776  40.776  40.776  40.776  40.776  40.776
 42.616  42.616  42.616  42.616  42.616  42.616  42.616  42.616  42.616  42.616
 40.684  40.684  40.684  40.684  40.684  40.684  40.684  40.684  40.684  40.684
 45.531  45.531  45.531  45.531  45.531  45.531  45.531  45.531  45.531  45.531
 45.392  45.392  45.392  45.392  45.392  45.392  45.392  45.392  45.392  45.392
 45.392  45.392  45.392  45.392  45.392  45.392  45.392  45.392  45.392  45.392
 44.805  44.805  44.805  44.805  44.805  44.805  44.805  44.805  44.805  44.805
 44.805  44.805  44.805  44.805  44.805  44.805  44.805  44.805  44.805  44.805
 44.805  44.805  44.805  44.805  44.805  44.805  44.805  44.805  44.805  44.805
 37.411  37.411  37.411  37.411  37.411  37.411  37.411  37.411  37.411  37.411
 36.915  36.915  36.915  36.915  36.915  36.915  36.915  36.915  36.915  36.915
 37.296  37.296  37.296  37.296  37.296  37.296  37.296  37.296  37.296  37.296
 36.915  36.915  36.915  36.915  36.915  36.915  36.915  36.915  36.915  36.915
 36.030  36.030  36.030  36.030  36.030  36.030  36.030  36.030  36.030  36.030
 47.537  47.537  47.537  47.537  47.537  47.537  47.537  47.537  47.537  47.537
 45.059  45.059  45.059  45.059  45.059  45.059  45.059  45.059  45.059  45.059
 46.381  46.381  46.381  46.381  46.381  46.381  46.381  46.381  46.381  46.381
 46.365  46.365  46.365  46.365  46.365  46.365  46.365  46.365  46.365  46.365
 46.062  46.062  46.062  46.062  46.062  46.062  46.062  46.062  46.062  46.062
 44.965  44.965  44.965  44.965  44.965  44.965  44.965  44.965  44.965  44.965
 45.913  45.913  45.913  45.913  45.913  45.913  45.913  45.913  45.913  45.913
 47.874  47.874  47.874  47.874  47.874  47.874  47.874  47.874  47.874  47.874
 46.280  46.280  46.280  46.280  46.280  46.280  46.280  46.280  46.280  46.280
 64.922  34.384  57.379  62.132 -29.645  76.786  90.518  93.480  48.778  42.125
-14.882  22.927  28.914  25.805  10.761  13.708  24.489  24.782  39.264 -22.311
 38.256  38.256  38.256  38.256  38.256  38.256  38.256  38.256  38.256  38.256
 35.283  35.283  35.283  35.283  35.283  35.283  35.283  35.283  35.283  35.283
 45.314  45.314  45.314  45.314  45.314  45.314  45.314  45.314  45.314  45.314
 41.167  41.167  41.167  41.167  41.167  41.167  41.167  41.167  41.167  41.167
 44.624  44.624  44.624  44.624  44.624  44.624  44.624  44.624  44.624  44.624
 20.599  24.227  43.409  28.733  27.694  21.753  43.015  61.274  -9.668  38.491
 45.392  45.392  45.392  45.392  45.392  45.392  45.392  45.392  45.392  45.392
 47.982  47.982  47.982  47.982  47.982  47.982  47.982  47.982  47.982  47.982
 44.805  44.805  44.805  44.805  44.805  44.805  44.805  44.805  44.805  44.805
 45.506  45.506  45.506  45.506  45.506  45.506  45.506  45.506  45.506  45.506
 45.506  45.506  45.506  45.506  45.506  45.506  45.506  45.506  45.506  45.506
 45.506  45.506  45.506  45.506  45.506  45.506  45.506  45.506  45.506  45.506
 44.805  44.805  44.805  44.805  44.805  44.805  44.805  44.805  44.805  44.805
 39.379  39.379  39.379  39.379  39.379  39.379  39.379  39.379  39.379  39.379
 43.687  43.687  43.687  43.687  43.687  43.687  43.687  43.687  43.687  43.687
 33.692  33.692  33.692  33.692  33.692  33.692  33.692  33.692  33.692  33.692
 45.392  45.392  45.392  45.392  45.392  45.392  45.392  45.392  45.392  45.392
 40.014  40.014  40.014  40.014  40.014  40.014  40.014  40.014  40.014  40.014
 38.123  38.123  38.123  38.123  38.123  38.123  38.123  38.123  38.123  38.123
 47.679  47.679  47.679  47.679  47.679  47.679  47.679  47.679  47.679  47.679
 44.805  44.805  44.805  44.805  44.805  44.805  44.805  44.805  44.805  44.805
 44.389  44.389  44.389  44.389  44.389  44.389  44.389  44.389  44.389  44.389
 45.974  45.974  45.974  45.974  45.974  45.974  45.974  45.974  45.974  45.974
 47.713  47.713  47.713  47.713  47.713  47.713  47.713  47.713  47.713  47.713
 40.084  40.084  40.084  40.084  40.084  40.084  40.084  40.084  40.084  40.084
 45.392  45.392  45.392  45.392  45.392  45.392  45.392  45.392  45.392  45.392
 47.770  47.770  47.770  47.770  47.770  47.770  47.770  47.770  47.770  47.770
 47.294  47.294  47.294  47.294  47.294  47.294  47.294  47.294  47.294  47.294
 44.657  44.657  44.657  44.657  44.657  44.657  44.657  44.657  44.657  44.657
 48.201  48.201  48.201  48.201  48.201  48.201  48.201  48.201  48.201  48.201
 27.402  34.640  35.687  49.536  47.661  70.189  48.664  17.714  38.543  29.052
 45.976  45.976  45.976  45.976  45.976  45.976  45.976  45.976  45.976  45.976
 45.976  45.976  45.976  45.976  45.976  45.976  45.976  45.976  45.976  45.976
 45.212  45.212  45.212  45.212  45.212  45.212  45.212  45.212  45.212  45.212
 43.687  43.687  43.687  43.687  43.687  43.687  43.687  43.687  43.687  43.687
 44.805  44.805  44.805  44.805  44.805  44.805  44.805  44.805  44.805  44.805
 50.632  50.632  50.632  50.632  50.632  50.632  50.632  50.632  50.632  50.632
 45.392  45.392  45.392  45.392  45.392  45.392  45.392  45.392  45.392  45.392
  1.685  46.695  -4.305  38.571   7.894  11.731  30.032  24.306  76.494  26.140
 21.516  29.382  48.926  19.705  36.628  12.933   0.151  29.623  36.836  35.580
 47.578  47.578  47.578  47.578  47.578  47.578  47.578  47.578  47.578  47.578
 44.079  44.079  44.079  44.079  44.079  44.079  44.079  44.079  44.079  44.079
 47.586  47.586  47.586  47.586  47.586  47.586  47.586  47.586  47.586  47.586
 40.385  40.385  40.385  40.385  40.385  40.385  40.385  40.385  40.385  40.385
 45.974  45.974  45.974  45.974  45.974  45.974  45.974  45.974  45.974  45.974
 42.555  42.555  42.555  42.555  42.555  42.555  42.555  42.555  42.555  42.555
 39.978  39.978  39.978  39.978  39.978  39.978  39.978  39.978  39.978  39.978
 43.106  43.106  43.106  43.106  43.106  43.106  43.106  43.106  43.106  43.106
 36.057  36.057  36.057  36.057  36.057  36.057  36.057  36.057  36.057  36.057
 44.805  44.805  44.805  44.805  44.805  44.805  44.805  44.805  44.805  44.805
 35.022  35.022  35.022  35.022  35.022  35.022  35.022  35.022  35.022  35.022
 46.562  46.562  46.562  46.562  46.562  46.562  46.562  46.562  46.562  46.562
 50.777  50.777  50.777  50.777  50.777  50.777  50.777  50.777  50.777  50.777
 51.312  51.312  51.312  51.312  51.312  51.312  51.312  51.312  51.312  51.312
 49.794  49.794  49.794  49.794  49.794  49.794  49.794  49.794  49.794  49.794
 47.668  47.668  47.668  47.668  47.668  47.668  47.668  47.668  47.668  47.668
 37.914  37.914  37.914  37.914  37.914  37.914  37.914  37.914  37.914  37.914
 47.705  47.705  47.705  47.705  47.705  47.705  47.705  47.705  47.705  47.705
 46.201  51.538  30.213  32.921  48.241  59.099  19.347  50.737  68.813  56.260
 45.097  45.097  45.097  45.097  45.097  45.097  45.097  45.097  45.097  45.097
 51.130  51.130  51.130  51.130  51.130  51.130  51.130  51.130  51.130  51.130
 33.955  33.955  33.955  33.955  33.955  33.955  33.955  33.955  33.955  33.955
 42.233  42.233  42.233  42.233  42.233  42.233  42.233  42.233  42.233  42.233
 49.426  49.426  49.426  49.426  49.426  49.426  49.426  49.426  49.426  49.426
 33.175  33.175  33.175  33.175  33.175  33.175  33.175  33.175  33.175  33.175
 41.110  41.110  41.110  41.110  41.110  41.110  41.110  41.110  41.110  41.110
 45.976  45.976  45.976  45.976  45.976  45.976  45.976  45.976  45.976  45.976
 45.976  45.976  45.976  45.976  45.976  45.976  45.976  45.976  45.976  45.976
 61.827  53.219  28.533  71.345  69.483  34.851  24.564  44.042  21.651  34.426
 36.481  66.497  43.386  37.236   9.592  58.429  58.286  47.037  39.301  72.874
 53.114  79.698  52.530  57.170  67.908  17.133  62.691  65.752  47.532  64.851
 34.146  34.146  34.146  34.146  34.146  34.146  34.146  34.146  34.146  34.146
 42.214  42.214  42.214  42.214  42.214  42.214  42.214  42.214  42.214  42.214
 17.466  38.380  13.776  11.749  26.174  48.947  72.888  13.472  43.300  57.420
 31.901  22.066  16.088  24.675  -2.600  44.705  85.545   7.826  26.058  10.295
 46.123  46.123  46.123  46.123  46.123  46.123  46.123  46.123  46.123  46.123
 47.602  47.602  47.602  47.602  47.602  47.602  47.602  47.602  47.602  47.602
 27.755  44.123  42.786  38.499  18.277  33.253  36.916  47.333  54.974  39.629
 40.123  40.123  40.123  40.123  40.123  40.123  40.123  40.123  40.123  40.123
 44.490  44.490  44.490  44.490  44.490  44.490  44.490  44.490  44.490  44.490
 45.392  45.392  45.392  45.392  45.392  45.392  45.392  45.392  45.392  45.392
 42.069  42.069  42.069  42.069  42.069  42.069  42.069  42.069  42.069  42.069
 44.805  44.805  44.805  44.805  44.805  44.805  44.805  44.805  44.805  44.805
 45.212  45.212  45.212  45.212  45.212  45.212  45.212  45.212  45.212  45.212
 14.591  32.002 -10.444  16.261  22.832   1.556  27.723  12.733  34.345  38.484
 45.392  45.392  45.392  45.392  45.392  45.392  45.392  45.392  45.392  45.392
 36.468  41.772  16.658  41.970  89.892  36.857  57.301  61.346  35.078  56.980
 45.392  45.392  45.392  45.392  45.392  45.392  45.392  45.392  45.392  45.392
 40.025  40.025  40.025  40.025  40.025  40.025  40.025  40.025  40.025  40.025
 47.532  47.532  47.532  47.532  47.532  47.532  47.532  47.532  47.532  47.532
 46.123  46.123  46.123  46.123  46.123  46.123  46.123  46.123  46.123  46.123
 45.976  45.976  45.976  45.976  45.976  45.976  45.976  45.976  45.976  45.976
 46.123  46.123  46.123  46.123  46.123  46.123  46.123  46.123  46.123  46.123
 40.175  40.175  40.175  40.175  40.175  40.175  40.175  40.175  40.175  40.175
 41.815  41.815  41.815  41.815  41.815  41.815  41.815  41.815  41.815  41.815
 48.871  48.871  48.871  48.871  48.871  48.871  48.871  48.871  48.871  48.871
 42.125  42.125  42.125  42.125  42.125  42.125  42.125  42.125  42.125  42.125
 48.370  48.370  48.370  48.370  48.370  48.370  48.370  48.370  48.370  48.370
  5.949  15.253  -0.495  -0.288  14.388  28.437  22.100  -5.301   4.086  50.249
 44.805  44.805  44.805  44.805  44.805  44.805  44.805  44.805  44.805  44.805
 44.657  44.657  44.657  44.657  44.657  44.657  44.657  44.657  44.657  44.657
 44.657  44.657  44.657  44.657  44.657  44.657  44.657  44.657  44.657  44.657
 44.657  44.657  44.657  44.657  44.657  44.657  44.657  44.657  44.657  44.657
 42.467  42.467  42.467  42.467  42.467  42.467  42.467  42.467  42.467  42.467
 50.797  50.797  50.797  50.797  50.797  50.797  50.797  50.797  50.797  50.797
 47.546  47.546  47.546  47.546  47.546  47.546  47.546  47.546  47.546  47.546
 50.127  50.127  50.127  50.127  50.127  50.127  50.127  50.127  50.127  50.127
 50.307  50.307  50.307  50.307  50.307  50.307  50.307  50.307  50.307  50.307
 31.155  31.155  31.155  31.155  31.155  31.155  31.155  31.155  31.155  31.155
 33.899  33.899  33.899  33.899  33.899  33.899  33.899  33.899  33.899  33.899
 36.138  36.138  36.138  36.138  36.138  36.138  36.138  36.138  36.138  36.138
 31.559  31.559  31.559  31.559  31.559  31.559  31.559  31.559  31.559  31.559
 36.174  36.174  36.174  36.174  36.174  36.174  36.174  36.174  36.174  36.174
 44.805  44.805  44.805  44.805  44.805  44.805  44.805  44.805  44.805  44.805
 39.287  39.287  39.287  39.287  39.287  39.287  39.287  39.287  39.287  39.287
 44.805  44.805  44.805  44.805  44.805  44.805  44.805  44.805  44.805  44.805
 45.976  45.976  45.976  45.976  45.976  45.976  45.976  45.976  45.976  45.976
 44.657  44.657  44.657  44.657  44.657  44.657  44.657  44.657  44.657  44.657
 44.124  44.124  44.124  44.124  44.124  44.124  44.124  44.124  44.124  44.124
 47.158  47.158  47.158  47.158  47.158  47.158  47.158  47.158  47.158  47.158
 43.827  43.827  43.827  43.827  43.827  43.827  43.827  43.827  43.827  43.827
 45.394  45.394  45.394  45.394  45.394  45.394  45.394  45.394  45.394  45.394
 44.805  44.805  44.805  44.805  44.805  44.805  44.805  44.805  44.805  44.805
 44.805  44.805  44.805  44.805  44.805  44.805  44.805  44.805  44.805  44.805
 40.771  40.771  40.771  40.771  40.771  40.771  40.771  40.771  40.771  40.771
 42.656  42.656  42.656  42.656  42.656  42.656  42.656  42.656  42.656  42.656
 45.392  45.392  45.392  45.392  45.392  45.392  45.392  45.392  45.392  45.392
 45.392  45.392  45.392  45.392  45.392  45.392  45.392  45.392  45.392  45.392
 35.832  35.832  35.832  35.832  35.832  35.832  35.832  35.832  35.832  35.832
 51.278  51.278  51.278  51.278  51.278  51.278  51.278  51.278  51.278  51.278
 42.157  42.157  42.157  42.157  42.157  42.157  42.157  42.157  42.157  42.157
 39.592  39.592  39.592  39.592  39.592  39.592  39.592  39.592  39.592  39.592
 46.764  46.764  46.764  46.764  46.764  46.764  46.764  46.764  46.764  46.764
 47.859  45.287  53.952  34.497  88.014  69.549  86.191  20.431  43.341  55.616
 45.359  45.359  45.359  45.359  45.359  45.359  45.359  45.359  45.359  45.359
 44.805  44.805  44.805  44.805  44.805  44.805  44.805  44.805  44.805  44.805
 38.613  38.613  38.613  38.613  38.613  38.613  38.613  38.613  38.613  38.613
 43.099  43.099  43.099  43.099  43.099  43.099  43.099  43.099  43.099  43.099
 85.264  63.366  34.046  28.496  95.318  91.865 108.730  78.897  80.406  75.433
 47.679  47.679  47.679  47.679  47.679  47.679  47.679  47.679  47.679  47.679
 38.884  38.884  38.884  38.884  38.884  38.884  38.884  38.884  38.884  38.884
 37.277  15.043   6.238  57.501  41.948  50.572   7.946  21.208  59.083  -3.196
 47.343  47.343  47.343  47.343  47.343  47.343  47.343  47.343  47.343  47.343
 56.109  65.784  49.769  66.408  52.053  26.189  43.603  93.190  44.111  34.190
 39.728  39.728  39.728  39.728  39.728  39.728  39.728  39.728  39.728  39.728
 33.661  33.661  33.661  33.661  33.661  33.661  33.661  33.661  33.661  33.661
 33.304  33.304  33.304  33.304  33.304  33.304  33.304  33.304  33.304  33.304
 44.357  44.357  44.357  44.357  44.357  44.357  44.357  44.357  44.357  44.357
 58.350  66.955 102.332  66.995  71.908  85.376  22.784  84.903  75.301  83.510
 56.274  32.198  37.881  13.157  13.196  68.634  76.259  32.416  25.889  34.838
 42.398  37.557  25.721  31.994  60.499  43.932  32.570  31.773  46.745  63.452
 43.826  43.826  43.826  43.826  43.826  43.826  43.826  43.826  43.826  43.826
 43.826  43.826  43.826  43.826  43.826  43.826  43.826  43.826  43.826  43.826
 39.081  39.081  39.081  39.081  39.081  39.081  39.081  39.081  39.081  39.081
 38.913  38.913  38.913  38.913  38.913  38.913  38.913  38.913  38.913  38.913
 34.043  34.043  34.043  34.043  34.043  34.043  34.043  34.043  34.043  34.043
 32.816  25.349  39.657  44.603  55.126  50.457  61.499  18.883  40.442  24.129
 37.788  37.788  37.788  37.788  37.788  37.788  37.788  37.788  37.788  37.788
 41.982  41.982  41.982  41.982  41.982  41.982  41.982  41.982  41.982  41.982
 46.514  46.514  46.514  46.514  46.514  46.514  46.514  46.514  46.514  46.514
 35.258  35.258  35.258  35.258  35.258  35.258  35.258  35.258  35.258  35.258
 25.591  25.591  25.591  25.591  25.591  25.591  25.591  25.591  25.591  25.591
 40.275  40.275  40.275  40.275  40.275  40.275  40.275  40.275  40.275  40.275
 33.890  33.890  33.890  33.890  33.890  33.890  33.890  33.890  33.890  33.890
 31.737  31.737  31.737  31.737  31.737  31.737  31.737  31.737  31.737  31.737
 27.258  27.258  27.258  27.258  27.258  27.258  27.258  27.258  27.258  27.258
 31.020  31.020  31.020  31.020  31.020  31.020  31.020  31.020  31.020  31.020
 33.862  33.862  33.862  33.862  33.862  33.862  33.862  33.862  33.862  33.862
 45.976  45.976  45.976  45.976  45.976  45.976  45.976  45.976  45.976  45.976
 44.657  44.657  44.657  44.657  44.657  44.657  44.657  44.657  44.657  44.657
 45.976  45.976  45.976  45.976  45.976  45.976  45.976  45.976  45.976  45.976
 44.657  44.657  44.657  44.657  44.657  44.657  44.657  44.657  44.657  44.657
 45.976  45.976  45.976  45.976  45.976  45.976  45.976  45.976  45.976  45.976
 44.657  44.657  44.657  44.657  44.657  44.657  44.657  44.657  44.657  44.657
 19.301  36.609  21.175  24.949  63.535  17.381  26.175  19.027   3.603  47.941
 44.357  44.357  44.357  44.357  44.357  44.357  44.357  44.357  44.357  44.357
 43.099  43.099  43.099  43.099  43.099  43.099  43.099  43.099  43.099  43.099
 60.970  40.902  69.092  45.646  49.327  36.208  41.696  27.382  59.363  68.107
 47.051  47.051  47.051  47.051  47.051  47.051  47.051  47.051  47.051  47.051
 30.727  30.727  30.727  30.727  30.727  30.727  30.727  30.727  30.727  30.727
 44.496  44.496  44.496  44.496  44.496  44.496  44.496  44.496  44.496  44.496
 48.937  48.937  48.937  48.937  48.937  48.937  48.937  48.937  48.937  48.937
 54.931  69.019  65.278  62.956  78.566 103.710  74.883  74.678  66.133  69.951
 43.239  43.239  43.239  43.239  43.239  43.239  43.239  43.239  43.239  43.239
 44.316  44.316  44.316  44.316  44.316  44.316  44.316  44.316  44.316  44.316
 35.710  35.710  35.710  35.710  35.710  35.710  35.710  35.710  35.710  35.710
 41.621  41.621  41.621  41.621  41.621  41.621  41.621  41.621  41.621  41.621
 77.643  30.852  61.206  65.609  76.953  68.666  74.572  66.543  41.890  54.392
 41.247  41.247  41.247  41.247  41.247  41.247  41.247  41.247  41.247  41.247
 44.381  44.381  44.381  44.381  44.381  44.381  44.381  44.381  44.381  44.381
 97.694  42.451  59.491  56.101  52.628  58.503  56.990  73.334  57.971  26.980
 54.723  23.614  45.140  54.982  36.167  37.729  38.710  80.516  55.589  36.349
 34.846  34.846  34.846  34.846  34.846  34.846  34.846  34.846  34.846  34.846
 54.747  69.556  26.044  35.090  46.110  45.456  38.538  50.215  21.306  29.008
 44.805  44.805  44.805  44.805  44.805  44.805  44.805  44.805  44.805  44.805
 46.123  46.123  46.123  46.123  46.123  46.123  46.123  46.123  46.123  46.123
 31.911  31.911  31.911  31.911  31.911  31.911  31.911  31.911  31.911  31.911
 46.062  46.062  46.062  46.062  46.062  46.062  46.062  46.062  46.062  46.062
 46.361  46.361  46.361  46.361  46.361  46.361  46.361  46.361  46.361  46.361
 39.083  39.083  39.083  39.083  39.083  39.083  39.083  39.083  39.083  39.083
 44.309  44.309  44.309  44.309  44.309  44.309  44.309  44.309  44.309  44.309
 40.033  40.033  40.033  40.033  40.033  40.033  40.033  40.033  40.033  40.033
 42.588  42.588  42.588  42.588  42.588  42.588  42.588  42.588  42.588  42.588
 35.929  35.929  35.929  35.929  35.929  35.929  35.929  35.929  35.929  35.929
 41.293  41.293  41.293  41.293  41.293  41.293  41.293  41.293  41.293  41.293
 46.764  46.764  46.764  46.764  46.764  46.764  46.764  46.764  46.764  46.764
 41.103  41.103  41.103  41.103  41.103  41.103  41.103  41.103  41.103  41.103
 46.311  46.311  46.311  46.311  46.311  46.311  46.311  46.311  46.311  46.311
 48.407  48.407  48.407  48.407  48.407  48.407  48.407  48.407  48.407  48.407
 52.367  52.367  52.367  52.367  52.367  52.367  52.367  52.367  52.367  52.367
 48.267  48.267  48.267  48.267  48.267  48.267  48.267  48.267  48.267  48.267
 45.392  45.392  45.392  45.392  45.392  45.392  45.392  45.392  45.392  45.392
 47.263  47.263  47.263  47.263  47.263  47.263  47.263  47.263  47.263  47.263
 45.506  45.506  45.506  45.506  45.506  45.506  45.506  45.506  45.506  45.506
 45.506  45.506  45.506  45.506  45.506  45.506  45.506  45.506  45.506  45.506
 19.736   7.351   7.948  19.142  31.592  -2.920 -17.382 -17.143 -21.255  -1.246
 50.169  50.169  50.169  50.169  50.169  50.169  50.169  50.169  50.169  50.169
 50.893  50.893  50.893  50.893  50.893  50.893  50.893  50.893  50.893  50.893
 52.042  52.042  52.042  52.042  52.042  52.042  52.042  52.042  52.042  52.042
 48.998  48.998  48.998  48.998  48.998  48.998  48.998  48.998  48.998  48.998
 48.086  48.086  48.086  48.086  48.086  48.086  48.086  48.086  48.086  48.086
 34.022  39.695  11.827  38.779  35.124  34.406  26.099  53.414  26.881   6.465
 46.381  46.381  46.381  46.381  46.381  46.381  46.381  46.381  46.381  46.381
 17.694  85.767  72.591  77.772  65.810 102.236  58.287  63.834  80.318  76.353
 29.753  29.753  29.753  29.753  29.753  29.753  29.753  29.753  29.753  29.753
 32.309  32.309  32.309  32.309  32.309  32.309  32.309  32.309  32.309  32.309
 32.238  32.238  32.238  32.238  32.238  32.238  32.238  32.238  32.238  32.238
 39.292  39.292  39.292  39.292  39.292  39.292  39.292  39.292  39.292  39.292
 41.625  41.625  41.625  41.625  41.625  41.625  41.625  41.625  41.625  41.625
 39.672  39.672  39.672  39.672  39.672  39.672  39.672  39.672  39.672  39.672
 44.396  44.396  44.396  44.396  44.396  44.396  44.396  44.396  44.396  44.396
 42.696  42.696  42.696  42.696  42.696  42.696  42.696  42.696  42.696  42.696
 42.633  42.633  42.633  42.633  42.633  42.633  42.633  42.633  42.633  42.633
 34.343  34.343  34.343  34.343  34.343  34.343  34.343  34.343  34.343  34.343
 40.559  40.559  40.559  40.559  40.559  40.559  40.559  40.559  40.559  40.559
 40.364  40.364  40.364  40.364  40.364  40.364  40.364  40.364  40.364  40.364
 39.081  39.081  39.081  39.081  39.081  39.081  39.081  39.081  39.081  39.081
 40.217  40.217  40.217  40.217  40.217  40.217  40.217  40.217  40.217  40.217
 44.864  44.864  44.864  44.864  44.864  44.864  44.864  44.864  44.864  44.864
 31.545  31.545  31.545  31.545  31.545  31.545  31.545  31.545  31.545  31.545
 22.957  32.717  47.276  34.827  38.231  39.152  56.934  27.456  59.294  37.442
 40.099  40.099  40.099  40.099  40.099  40.099  40.099  40.099  40.099  40.099
 48.620  48.620  48.620  48.620  48.620  48.620  48.620  48.620  48.620  48.620
 44.805  44.805  44.805  44.805  44.805  44.805  44.805  44.805  44.805  44.805
 44.624  44.624  44.624  44.624  44.624  44.624  44.624  44.624  44.624  44.624
 43.099  43.099  43.099  43.099  43.099  43.099  43.099  43.099  43.099  43.099
 34.116  34.116  34.116  34.116  34.116  34.116  34.116  34.116  34.116  34.116
 38.314  38.314  38.314  38.314  38.314  38.314  38.314  38.314  38.314  38.314
 44.805  44.805  44.805  44.805  44.805  44.805  44.805  44.805  44.805  44.805
 44.805  44.805  44.805  44.805  44.805  44.805  44.805  44.805  44.805  44.805
 48.267  48.267  48.267  48.267  48.267  48.267  48.267  48.267  48.267  48.267
 34.769  34.769  34.769  34.769  34.769  34.769  34.769  34.769  34.769  34.769
 42.136  42.136  42.136  42.136  42.136  42.136  42.136  42.136  42.136  42.136
 39.223  39.223  39.223  39.223  39.223  39.223  39.223  39.223  39.223  39.223
 31.938  31.938  31.938  31.938  31.938  31.938  31.938  31.938  31.938  31.938
 37.831  37.831  37.831  37.831  37.831  37.831  37.831  37.831  37.831  37.831
 35.328  35.328  35.328  35.328  35.328  35.328  35.328  35.328  35.328  35.328
 12.791  43.034 102.433  75.615  59.791  58.723  64.160  39.882  60.057  21.735
 66.635  51.711  50.585  73.155  -5.135  28.678  24.269  37.653  35.767  39.715
 40.948  40.948  40.948  40.948  40.948  40.948  40.948  40.948  40.948  40.948
 34.574  34.574  34.574  34.574  34.574  34.574  34.574  34.574  34.574  34.574
 44.657  44.657  44.657  44.657  44.657  44.657  44.657  44.657  44.657  44.657
 44.657  44.657  44.657  44.657  44.657  44.657  44.657  44.657  44.657  44.657
 32.647  32.647  32.647  32.647  32.647  32.647  32.647  32.647  32.647  32.647
 46.123  46.123  46.123  46.123  46.123  46.123  46.123  46.123  46.123  46.123
 44.805  44.805  44.805  44.805  44.805  44.805  44.805  44.805  44.805  44.805
 44.805  44.805  44.805  44.805  44.805  44.805  44.805  44.805  44.805  44.805
 42.763  42.763  42.763  42.763  42.763  42.763  42.763  42.763  42.763  42.763
 43.099  43.099  43.099  43.099  43.099  43.099  43.099  43.099  43.099  43.099
 43.099  43.099  43.099  43.099  43.099  43.099  43.099  43.099  43.099  43.099
 12.867   7.682  30.224  41.091  -5.768  34.634  18.616  20.379  14.737 -23.114
 46.094  46.094  46.094  46.094  46.094  46.094  46.094  46.094  46.094  46.094
 48.502  48.502  48.502  48.502  48.502  48.502  48.502  48.502  48.502  48.502
 48.575  48.575  48.575  48.575  48.575  48.575  48.575  48.575  48.575  48.575
 50.977  50.977  50.977  50.977  50.977  50.977  50.977  50.977  50.977  50.977
 44.379  44.379  44.379  44.379  44.379  44.379  44.379  44.379  44.379  44.379
 63.777  34.305  34.073  53.669  30.210  48.713  56.900  27.750  26.630  32.952
 45.459  45.459  45.459  45.459  45.459  45.459  45.459  45.459  45.459  45.459
 46.514  46.514  46.514  46.514  46.514  46.514  46.514  46.514  46.514  46.514
 33.312  33.312  33.312  33.312  33.312  33.312  33.312  33.312  33.312  33.312
 30.223  34.252   4.414  17.768  33.576  59.831  14.175  26.904  49.362  34.636
 42.606  42.606  42.606  42.606  42.606  42.606  42.606  42.606  42.606  42.606
 43.028  43.028  43.028  43.028  43.028  43.028  43.028  43.028  43.028  43.028
 34.318  34.318  34.318  34.318  34.318  34.318  34.318  34.318  34.318  34.318
 31.462  31.462  31.462  31.462  31.462  31.462  31.462  31.462  31.462  31.462
 32.257  32.257  32.257  32.257  32.257  32.257  32.257  32.257  32.257  32.257
 45.726  58.260  34.801  32.210  19.662  79.448  36.651  85.310  86.531  48.652
 45.976  45.976  45.976  45.976  45.976  45.976  45.976  45.976  45.976  45.976
 46.123  46.123  46.123  46.123  46.123  46.123  46.123  46.123  46.123  46.123
 46.123  46.123  46.123  46.123  46.123  46.123  46.123  46.123  46.123  46.123
 44.805  44.805  44.805  44.805  44.805  44.805  44.805  44.805  44.805  44.805
-17.029  17.042 -30.678  16.494  39.874   8.547 -18.840   1.476  37.625 -11.152
 44.954  15.118  15.691  30.512  17.290  47.289  50.373  16.303  34.749  19.502
 25.747  25.747  25.747  25.747  25.747  25.747  25.747  25.747  25.747  25.747
 46.658  10.414  30.623  76.861  25.248  41.833  51.126   2.348  23.854  47.692
 41.612  41.612  41.612  41.612  41.612  41.612  41.612  41.612  41.612  41.612
 44.353  44.353  44.353  44.353  44.353  44.353  44.353  44.353  44.353  44.353
 42.282  42.282  42.282  42.282  42.282  42.282  42.282  42.282  42.282  42.282
 45.907  45.907  45.907  45.907  45.907  45.907  45.907  45.907  45.907  45.907
 17.347  17.680  26.772  15.406  24.992   3.091  16.172  12.531 -22.849  -6.006
 44.805  44.805  44.805  44.805  44.805  44.805  44.805  44.805  44.805  44.805
 43.099  43.099  43.099  43.099  43.099  43.099  43.099  43.099  43.099  43.099
 43.099  43.099  43.099  43.099  43.099  43.099  43.099  43.099  43.099  43.099
 32.922  32.922  32.922  32.922  32.922  32.922  32.922  32.922  32.922  32.922
 53.357  39.594  60.019  55.541  23.402  36.167  49.928  37.379  26.456   7.229
 21.340  21.340  21.340  21.340  21.340  21.340  21.340  21.340  21.340  21.340
  4.389  76.082  25.698  16.281   8.749  22.813   9.996  30.024  49.773   1.359
 37.755  37.755  37.755  37.755  37.755  37.755  37.755  37.755  37.755  37.755
 44.944  44.944  44.944  44.944  44.944  44.944  44.944  44.944  44.944  44.944
 47.679  47.679  47.679  47.679  47.679  47.679  47.679  47.679  47.679  47.679
 47.679  47.679  47.679  47.679  47.679  47.679  47.679  47.679  47.679  47.679
 47.956  47.956  47.956  47.956  47.956  47.956  47.956  47.956  47.956  47.956
 43.239  43.239  43.239  43.239  43.239  43.239  43.239  43.239  43.239  43.239
 40.175  40.175  40.175  40.175  40.175  40.175  40.175  40.175  40.175  40.175
 44.657  44.657  44.657  44.657  44.657  44.657  44.657  44.657  44.657  44.657
 45.392  45.392  45.392  45.392  45.392  45.392  45.392  45.392  45.392  45.392
 47.679  47.679  47.679  47.679  47.679  47.679  47.679  47.679  47.679  47.679
 79.430 101.047  43.717  54.342  71.773  71.227  63.742  67.319  50.368  50.008
 34.726  34.726  34.726  34.726  34.726  34.726  34.726  34.726  34.726  34.726
 35.763  35.763  35.763  35.763  35.763  35.763  35.763  35.763  35.763  35.763
 44.021  44.021  44.021  44.021  44.021  44.021  44.021  44.021  44.021  44.021
 44.691  44.691  44.691  44.691  44.691  44.691  44.691  44.691  44.691  44.691
 59.790  29.557 -28.172  17.269  28.714 -12.164   1.609  12.894   7.479 -23.925
 34.206  34.206  34.206  34.206  34.206  34.206  34.206  34.206  34.206  34.206
 42.994  17.951  74.732  52.455  21.581  48.400  18.297   6.055  12.821  56.950
 43.125  43.125  43.125  43.125  43.125  43.125  43.125  43.125  43.125  43.125
 43.099  43.099  43.099  43.099  43.099  43.099  43.099  43.099  43.099  43.099
 43.099  43.099  43.099  43.099  43.099  43.099  43.099  43.099  43.099  43.099
 43.099  43.099  43.099  43.099  43.099  43.099  43.099  43.099  43.099  43.099
 55.440  55.440  55.440  55.440  55.440  55.440  55.440  55.440  55.440  55.440
 44.630  44.630  44.630  44.630  44.630  44.630  44.630  44.630  44.630  44.630
 49.540  49.540  49.540  49.540  49.540  49.540  49.540  49.540  49.540  49.540
 43.959  43.959  43.959  43.959  43.959  43.959  43.959  43.959  43.959  43.959
 37.478  37.478  37.478  37.478  37.478  37.478  37.478  37.478  37.478  37.478
 43.523  43.523  43.523  43.523  43.523  43.523  43.523  43.523  43.523  43.523
 28.887  28.887  28.887  28.887  28.887  28.887  28.887  28.887  28.887  28.887
 43.089  43.089  43.089  43.089  43.089  43.089  43.089  43.089  43.089  43.089
 45.392  45.392  45.392  45.392  45.392  45.392  45.392  45.392  45.392  45.392
 45.392  45.392  45.392  45.392  45.392  45.392  45.392  45.392  45.392  45.392
 48.267  48.267  48.267  48.267  48.267  48.267  48.267  48.267  48.267  48.267
 75.946  64.662  47.176  67.369  72.544  81.176  65.031  38.772  77.617  73.303
 39.224  39.224  39.224  39.224  39.224  39.224  39.224  39.224  39.224  39.224
 46.094  46.094  46.094  46.094  46.094  46.094  46.094  46.094  46.094  46.094
 47.874  47.874  47.874  47.874  47.874  47.874  47.874  47.874  47.874  47.874
 46.094  46.094  46.094  46.094  46.094  46.094  46.094  46.094  46.094  46.094
 43.178  43.178  43.178  43.178  43.178  43.178  43.178  43.178  43.178  43.178
 48.267  48.267  48.267  48.267  48.267  48.267  48.267  48.267  48.267  48.267
 35.916  35.916  35.916  35.916  35.916  35.916  35.916  35.916  35.916  35.916
 48.788  48.788  48.788  48.788  48.788  48.788  48.788  48.788  48.788  48.788
 81.971  53.501  40.181  42.885  14.986  72.860  78.102  47.992  31.325  40.938
 55.780  55.780  55.780  55.780  55.780  55.780  55.780  55.780  55.780  55.780
 43.612  43.612  43.612  43.612  43.612  43.612  43.612  43.612  43.612  43.612
 43.192  43.192  43.192  43.192  43.192  43.192  43.192  43.192  43.192  43.192
 49.639  49.639  49.639  49.639  49.639  49.639  49.639  49.639  49.639  49.639
 -0.691 -12.572  62.347  -1.680  20.887 -11.738 -25.310  10.171 -27.093   9.056
 44.944  44.944  44.944  44.944  44.944  44.944  44.944  44.944  44.944  44.944
 39.294  39.294  39.294  39.294  39.294  39.294  39.294  39.294  39.294  39.294
 60.140  67.058  42.761  60.804  60.256  67.345  45.258  34.596  51.313  36.364
 29.726  29.726  29.726  29.726  29.726  29.726  29.726  29.726  29.726  29.726
 45.392  45.392  45.392  45.392  45.392  45.392  45.392  45.392  45.392  45.392
 45.392  45.392  45.392  45.392  45.392  45.392  45.392  45.392  45.392  45.392
 38.105  18.178  37.664  17.872  -9.349 -29.416  -7.585  34.842  -1.643  43.998
 44.811  44.811  44.811  44.811  44.811  44.811  44.811  44.811  44.811  44.811
 47.679  47.679  47.679  47.679  47.679  47.679  47.679  47.679  47.679  47.679
 44.805  44.805  44.805  44.805  44.805  44.805  44.805  44.805  44.805  44.805
 47.532  47.532  47.532  47.532  47.532  47.532  47.532  47.532  47.532  47.532
 44.657  44.657  44.657  44.657  44.657  44.657  44.657  44.657  44.657  44.657
 47.260  34.516  54.704 -19.071  11.693  16.608  32.389  33.836  14.855  47.659
 44.805  44.805  44.805  44.805  44.805  44.805  44.805  44.805  44.805  44.805
 44.805  44.805  44.805  44.805  44.805  44.805  44.805  44.805  44.805  44.805
 47.532  47.532  47.532  47.532  47.532  47.532  47.532  47.532  47.532  47.532
 48.502  48.502  48.502  48.502  48.502  48.502  48.502  48.502  48.502  48.502
 51.441  51.441  51.441  51.441  51.441  51.441  51.441  51.441  51.441  51.441
 51.832  51.832  51.832  51.832  51.832  51.832  51.832  51.832  51.832  51.832
 37.431  37.431  37.431  37.431  37.431  37.431  37.431  37.431  37.431  37.431
 39.034  39.034  39.034  39.034  39.034  39.034  39.034  39.034  39.034  39.034
 40.383  40.383  40.383  40.383  40.383  40.383  40.383  40.383  40.383  40.383
 35.877  35.877  35.877  35.877  35.877  35.877  35.877  35.877  35.877  35.877
 38.640  38.640  38.640  38.640  38.640  38.640  38.640  38.640  38.640  38.640
 36.533  36.533  36.533  36.533  36.533  36.533  36.533  36.533  36.533  36.533
 45.392  45.392  45.392  45.392  45.392  45.392  45.392  45.392  45.392  45.392
 43.099  43.099  43.099  43.099  43.099  43.099  43.099  43.099  43.099  43.099
 43.099  43.099  43.099  43.099  43.099  43.099  43.099  43.099  43.099  43.099
 43.099  43.099  43.099  43.099  43.099  43.099  43.099  43.099  43.099  43.099
 43.099  43.099  43.099  43.099  43.099  43.099  43.099  43.099  43.099  43.099
 47.252  47.252  47.252  47.252  47.252  47.252  47.252  47.252  47.252  47.252
 47.948  49.416  22.403  17.670  17.118  18.509  13.532   4.210  20.802   6.670
 38.117  38.117  38.117  38.117  38.117  38.117  38.117  38.117  38.117  38.117
 43.246  43.246  43.246  43.246  43.246  43.246  43.246  43.246  43.246  43.246
 23.401  23.401  23.401  23.401  23.401  23.401  23.401  23.401  23.401  23.401
 25.419  25.419  25.419  25.419  25.419  25.419  25.419  25.419  25.419  25.419
 25.872  25.872  25.872  25.872  25.872  25.872  25.872  25.872  25.872  25.872
 38.346  38.346  38.346  38.346  38.346  38.346  38.346  38.346  38.346  38.346
 35.816  35.816  35.816  35.816  35.816  35.816  35.816  35.816  35.816  35.816
 44.068  44.068  44.068  44.068  44.068  44.068  44.068  44.068  44.068  44.068
 49.586  49.586  49.586  49.586  49.586  49.586  49.586  49.586  49.586  49.586
 44.854  44.854  44.854  44.854  44.854  44.854  44.854  44.854  44.854  44.854
 46.331  46.331  46.331  46.331  46.331  46.331  46.331  46.331  46.331  46.331
 52.608  52.608  52.608  52.608  52.608  52.608  52.608  52.608  52.608  52.608
 48.969  48.969  48.969  48.969  48.969  48.969  48.969  48.969  48.969  48.969
 44.468  44.468  44.468  44.468  44.468  44.468  44.468  44.468  44.468  44.468
 39.058  39.058  39.058  39.058  39.058  39.058  39.058  39.058  39.058  39.058
 42.845  42.845  42.845  42.845  42.845  42.845  42.845  42.845  42.845  42.845
 42.439  42.439  42.439  42.439  42.439  42.439  42.439  42.439  42.439  42.439
 46.381  46.381  46.381  46.381  46.381  46.381  46.381  46.381  46.381  46.381
 49.139  49.139  49.139  49.139  49.139  49.139  49.139  49.139  49.139  49.139
 47.232  47.232  47.232  47.232  47.232  47.232  47.232  47.232  47.232  47.232
 45.976  45.976  45.976  45.976  45.976  45.976  45.976  45.976  45.976  45.976
 45.976  45.976  45.976  45.976  45.976  45.976  45.976  45.976  45.976  45.976
 45.976  45.976  45.976  45.976  45.976  45.976  45.976  45.976  45.976  45.976
 46.123  46.123  46.123  46.123  46.123  46.123  46.123  46.123  46.123  46.123
 41.936  41.936  41.936  41.936  41.936  41.936  41.936  41.936  41.936  41.936
 28.479  38.319  54.799  60.626  47.900   4.367  75.870  48.346  24.699  24.875
 44.624  44.624  44.624  44.624  44.624  44.624  44.624  44.624  44.624  44.624
 44.944  44.944  44.944  44.944  44.944  44.944  44.944  44.944  44.944  44.944
 40.070  40.070  40.070  40.070  40.070  40.070  40.070  40.070  40.070  40.070
 42.924  42.924  42.924  42.924  42.924  42.924  42.924  42.924  42.924  42.924
 52.572  52.572  52.572  52.572  52.572  52.572  52.572  52.572  52.572  52.572
 27.250  27.250  27.250  27.250  27.250  27.250  27.250  27.250  27.250  27.250
 37.707  37.707  37.707  37.707  37.707  37.707  37.707  37.707  37.707  37.707
 43.826  43.826  43.826  43.826  43.826  43.826  43.826  43.826  43.826  43.826
 26.569  26.569  26.569  26.569  26.569  26.569  26.569  26.569  26.569  26.569
 27.130  27.130  27.130  27.130  27.130  27.130  27.130  27.130  27.130  27.130
 27.130  27.130  27.130  27.130  27.130  27.130  27.130  27.130  27.130  27.130
 36.062  36.062  36.062  36.062  36.062  36.062  36.062  36.062  36.062  36.062
 46.365  46.365  46.365  46.365  46.365  46.365  46.365  46.365  46.365  46.365
 46.845  46.845  46.845  46.845  46.845  46.845  46.845  46.845  46.845  46.845
 49.869  49.869  49.869  49.869  49.869  49.869  49.869  49.869  49.869  49.869
 41.976  41.976  41.976  41.976  41.976  41.976  41.976  41.976  41.976  41.976
 34.743  34.743  34.743  34.743  34.743  34.743  34.743  34.743  34.743  34.743
 38.320  48.225  45.191  53.891 -18.120   4.305  18.256  -5.691  14.736  -4.946
 42.114  42.114  42.114  42.114  42.114  42.114  42.114  42.114  42.114  42.114
 45.976  45.976  45.976  45.976  45.976  45.976  45.976  45.976  45.976  45.976
 44.657  44.657  44.657  44.657  44.657  44.657  44.657  44.657  44.657  44.657
 45.976  45.976  45.976  45.976  45.976  45.976  45.976  45.976  45.976  45.976
 45.392  45.392  45.392  45.392  45.392  45.392  45.392  45.392  45.392  45.392
 40.776  40.776  40.776  40.776  40.776  40.776  40.776  40.776  40.776  40.776
 35.258  35.258  35.258  35.258  35.258  35.258  35.258  35.258  35.258  35.258
-12.261   6.543   6.449  31.286 -18.676  32.865  27.944  44.532   0.654  -7.456
 39.301  39.301  39.301  39.301  39.301  39.301  39.301  39.301  39.301  39.301
 39.837  39.837  39.837  39.837  39.837  39.837  39.837  39.837  39.837  39.837
 44.496  44.496  44.496  44.496  44.496  44.496  44.496  44.496  44.496  44.496
 46.202  46.202  46.202  46.202  46.202  46.202  46.202  46.202  46.202  46.202
 44.805  44.805  44.805  44.805  44.805  44.805  44.805  44.805  44.805  44.805
 44.805  44.805  44.805  44.805  44.805  44.805  44.805  44.805  44.805  44.805
 27.309  27.309  27.309  27.309  27.309  27.309  27.309  27.309  27.309  27.309
  7.475  26.645 -23.496  14.160  14.593  27.752 -17.495   5.896  -2.454  -2.260
  4.184  60.290  53.444  29.678  55.498   7.686  65.676  43.655  37.903  28.367
 44.691  44.691  44.691  44.691  44.691  44.691  44.691  44.691  44.691  44.691
 47.679  47.679  47.679  47.679  47.679  47.679  47.679  47.679  47.679  47.679
 47.679  47.679  47.679  47.679  47.679  47.679  47.679  47.679  47.679  47.679
 45.392  45.392  45.392  45.392  45.392  45.392  45.392  45.392  45.392  45.392
 42.180  42.180  42.180  42.180  42.180  42.180  42.180  42.180  42.180  42.180
 19.648  18.122  20.574  33.712   2.146  31.302  56.432  33.658  27.442  37.327
 21.332  37.940   7.252  17.088   9.061 -13.071  -4.857 -17.310  -4.990  20.929
 42.765  42.765  42.765  42.765  42.765  42.765  42.765  42.765  42.765  42.765
 45.640  45.640  45.640  45.640  45.640  45.640  45.640  45.640  45.640  45.640
 40.980  40.980  40.980  40.980  40.980  40.980  40.980  40.980  40.980  40.980
 35.258  35.258  35.258  35.258  35.258  35.258  35.258  35.258  35.258  35.258
 40.746  40.746  40.746  40.746  40.746  40.746  40.746  40.746  40.746  40.746
 26.554  26.554  26.554  26.554  26.554  26.554  26.554  26.554  26.554  26.554
 36.902  36.902  36.902  36.902  36.902  36.902  36.902  36.902  36.902  36.902
 39.447  39.447  39.447  39.447  39.447  39.447  39.447  39.447  39.447  39.447
 36.682  36.682  36.682  36.682  36.682  36.682  36.682  36.682  36.682  36.682
 44.657  44.657  44.657  44.657  44.657  44.657  44.657  44.657  44.657  44.657
 46.426  46.426  46.426  46.426  46.426  46.426  46.426  46.426  46.426  46.426
 37.571  37.571  37.571  37.571  37.571  37.571  37.571  37.571  37.571  37.571
 48.086  48.086  48.086  48.086  48.086  48.086  48.086  48.086  48.086  48.086
 40.437  40.437  40.437  40.437  40.437  40.437  40.437  40.437  40.437  40.437
 34.862  34.862  34.862  34.862  34.862  34.862  34.862  34.862  34.862  34.862
 33.324  33.324  33.324  33.324  33.324  33.324  33.324  33.324  33.324  33.324
 32.154  42.154  19.517  44.073  52.509  61.568  73.134  48.417  58.543  44.641
 43.801  43.801  43.801  43.801  43.801  43.801  43.801  43.801  43.801  43.801
 46.094  46.094  46.094  46.094  46.094  46.094  46.094  46.094  46.094  46.094
 47.263  47.263  47.263  47.263  47.263  47.263  47.263  47.263  47.263  47.263
 44.657  44.657  44.657  44.657  44.657  44.657  44.657  44.657  44.657  44.657
 33.373  33.373  33.373  33.373  33.373  33.373  33.373  33.373  33.373  33.373
 43.844  43.844  43.844  43.844  43.844  43.844  43.844  43.844  43.844  43.844
 33.812  33.812  33.812  33.812  33.812  33.812  33.812  33.812  33.812  33.812
 35.966  35.966  35.966  35.966  35.966  35.966  35.966  35.966  35.966  35.966
 48.554  48.554  48.554  48.554  48.554  48.554  48.554  48.554  48.554  48.554
 41.095  39.969  47.136  29.563  -3.367  36.353  47.351  49.075  19.746  40.243
 45.414  45.414  45.414  45.414  45.414  45.414  45.414  45.414  45.414  45.414
 46.825  46.825  46.825  46.825  46.825  46.825  46.825  46.825  46.825  46.825
 36.755  36.755  36.755  36.755  36.755  36.755  36.755  36.755  36.755  36.755
 39.964  39.964  39.964  39.964  39.964  39.964  39.964  39.964  39.964  39.964
 45.392  45.392  45.392  45.392  45.392  45.392  45.392  45.392  45.392  45.392
 19.774  66.507  11.578  26.830  31.595  22.031  23.812  27.038  32.983  61.813
 38.169  38.169  38.169  38.169  38.169  38.169  38.169  38.169  38.169  38.169
 48.267  48.267  48.267  48.267  48.267  48.267  48.267  48.267  48.267  48.267
 44.805  44.805  44.805  44.805  44.805  44.805  44.805  44.805  44.805  44.805
 44.805  44.805  44.805  44.805  44.805  44.805  44.805  44.805  44.805  44.805
 41.621  41.621  41.621  41.621  41.621  41.621  41.621  41.621  41.621  41.621
 42.232  42.232  42.232  42.232  42.232  42.232  42.232  42.232  42.232  42.232
  6.792  20.809  53.472   7.274  25.333  26.591  27.162  25.150  18.018  52.212
 29.121  29.121  29.121  29.121  29.121  29.121  29.121  29.121  29.121  29.121
 16.222   6.110  11.580  25.338  23.270 -12.670  41.167  47.157  51.530  29.112
 39.821  39.821  39.821  39.821  39.821  39.821  39.821  39.821  39.821  39.821
 43.646  43.646  43.646  43.646  43.646  43.646  43.646  43.646  43.646  43.646
 31.642  31.642  31.642  31.642  31.642  31.642  31.642  31.642  31.642  31.642
 46.894  46.894  46.894  46.894  46.894  46.894  46.894  46.894  46.894  46.894
 45.976  45.976  45.976  45.976  45.976  45.976  45.976  45.976  45.976  45.976
 47.099  47.099  47.099  47.099  47.099  47.099  47.099  47.099  47.099  47.099
-19.391  42.769  30.824  -1.184  45.620   6.687  22.954  38.037  -0.383  31.258
 46.717  46.717  46.717  46.717  46.717  46.717  46.717  46.717  46.717  46.717
 40.317  40.317  40.317  40.317  40.317  40.317  40.317  40.317  40.317  40.317
 43.099  43.099  43.099  43.099  43.099  43.099  43.099  43.099  43.099  43.099
 33.214  33.214  33.214  33.214  33.214  33.214  33.214  33.214  33.214  33.214
 45.230  74.301  39.689   7.252  30.596  21.814  42.145  40.691  50.598   0.480
 44.118  44.118  44.118  44.118  44.118  44.118  44.118  44.118  44.118  44.118
 47.532  47.532  47.532  47.532  47.532  47.532  47.532  47.532  47.532  47.532
 43.819  43.819  43.819  43.819  43.819  43.819  43.819  43.819  43.819  43.819
 46.730  46.730  46.730  46.730  46.730  46.730  46.730  46.730  46.730  46.730
 37.696  37.696  37.696  37.696  37.696  37.696  37.696  37.696  37.696  37.696
  8.630  20.545  17.253  22.055  28.009  12.588   4.899  30.611  34.926  32.022
 47.679  47.679  47.679  47.679  47.679  47.679  47.679  47.679  47.679  47.679
 79.190  18.428  58.241  12.000  51.425  42.458  33.749  55.475  42.975  73.096
 48.550  48.550  48.550  48.550  48.550  48.550  48.550  48.550  48.550  48.550
 46.645  46.645  46.645  46.645  46.645  46.645  46.645  46.645  46.645  46.645
 10.446  46.019 -22.572  25.290 -18.744 -15.607  49.921 -13.969  14.689  37.549
 44.805  44.805  44.805  44.805  44.805  44.805  44.805  44.805  44.805  44.805
 45.974  45.974  45.974  45.974  45.974  45.974  45.974  45.974  45.974  45.974
 35.962  35.962  35.962  35.962  35.962  35.962  35.962  35.962  35.962  35.962
 42.156  42.156  42.156  42.156  42.156  42.156  42.156  42.156  42.156  42.156
 26.914  12.586  39.725   3.107  -0.706  37.900  24.375 -16.866  14.299  -5.945
 48.222  25.484  -0.989  -5.504  49.655  23.933  40.026  52.433  20.558  69.306
 43.317  43.317  43.317  43.317  43.317  43.317  43.317  43.317  43.317  43.317
 50.307  50.307  50.307  50.307  50.307  50.307  50.307  50.307  50.307  50.307
 32.545  32.661  17.781  25.317 -11.324  44.509 -18.688  -1.653  15.430  23.882
 40.951  40.951  40.951  40.951  40.951  40.951  40.951  40.951  40.951  40.951
 35.398  35.398  35.398  35.398  35.398  35.398  35.398  35.398  35.398  35.398
 44.805  44.805  44.805  44.805  44.805  44.805  44.805  44.805  44.805  44.805
 41.954  41.954  41.954  41.954  41.954  41.954  41.954  41.954  41.954  41.954
 46.152  46.152  46.152  46.152  46.152  46.152  46.152  46.152  46.152  46.152
 34.017  34.017  34.017  34.017  34.017  34.017  34.017  34.017  34.017  34.017
 45.346  45.346  45.346  45.346  45.346  45.346  45.346  45.346  45.346  45.346
 44.805  44.805  44.805  44.805  44.805  44.805  44.805  44.805  44.805  44.805
 44.657  44.657  44.657  44.657  44.657  44.657  44.657  44.657  44.657  44.657
 29.439  29.439  29.439  29.439  29.439  29.439  29.439  29.439  29.439  29.439
 13.119  42.466  38.875   4.457  28.465  62.001  13.929  17.360  26.444  53.256
 40.364  40.364  40.364  40.364  40.364  40.364  40.364  40.364  40.364  40.364
 49.075  45.020  43.873  42.934   4.153  12.064  -9.903  17.134  19.624  37.262
 33.256  33.256  33.256  33.256  33.256  33.256  33.256  33.256  33.256  33.256
 33.512  33.512  33.512  33.512  33.512  33.512  33.512  33.512  33.512  33.512
 30.398  30.398  30.398  30.398  30.398  30.398  30.398  30.398  30.398  30.398
 39.856  39.856  39.856  39.856  39.856  39.856  39.856  39.856  39.856  39.856
 37.941  37.941  37.941  37.941  37.941  37.941  37.941  37.941  37.941  37.941
 45.484  45.484  45.484  45.484  45.484  45.484  45.484  45.484  45.484  45.484
 47.597  47.597  47.597  47.597  47.597  47.597  47.597  47.597  47.597  47.597
 46.062  46.062  46.062  46.062  46.062  46.062  46.062  46.062  46.062  46.062
 43.481  43.481  43.481  43.481  43.481  43.481  43.481  43.481  43.481  43.481
 46.123  46.123  46.123  46.123  46.123  46.123  46.123  46.123  46.123  46.123
 46.524  46.524  46.524  46.524  46.524  46.524  46.524  46.524  46.524  46.524
 46.975  46.975  46.975  46.975  46.975  46.975  46.975  46.975  46.975  46.975
 50.534  50.534  50.534  50.534  50.534  50.534  50.534  50.534  50.534  50.534
 38.820  38.820  38.820  38.820  38.820  38.820  38.820  38.820  38.820  38.820
 36.068  36.068  36.068  36.068  36.068  36.068  36.068  36.068  36.068  36.068
 47.232  47.232  47.232  47.232  47.232  47.232  47.232  47.232  47.232  47.232
 46.062  46.062  46.062  46.062  46.062  46.062  46.062  46.062  46.062  46.062
 42.314  42.314  42.314  42.314  42.314  42.314  42.314  42.314  42.314  42.314
 47.232  47.232  47.232  47.232  47.232  47.232  47.232  47.232  47.232  47.232
 45.926  45.926  45.926  45.926  45.926  45.926  45.926  45.926  45.926  45.926
 46.596  46.596  46.596  46.596  46.596  46.596  46.596  46.596  46.596  46.596
 46.123  46.123  46.123  46.123  46.123  46.123  46.123  46.123  46.123  46.123
 41.786  41.786  41.786  41.786  41.786  41.786  41.786  41.786  41.786  41.786
 44.521  44.521  44.521  44.521  44.521  44.521  44.521  44.521  44.521  44.521
 30.618  -2.249   3.334 -12.502  21.308  16.750  39.597  47.913  23.383  17.474
 47.432  47.432  47.432  47.432  47.432  47.432  47.432  47.432  47.432  47.432
 43.099  43.099  43.099  43.099  43.099  43.099  43.099  43.099  43.099  43.099
 44.805  44.805  44.805  44.805  44.805  44.805  44.805  44.805  44.805  44.805
 46.123  46.123  46.123  46.123  46.123  46.123  46.123  46.123  46.123  46.123
  8.914   4.707 -13.748  40.365   7.048   9.225   1.925  35.476   6.121  20.654
 39.049  39.049  39.049  39.049  39.049  39.049  39.049  39.049  39.049  39.049
 42.338  42.338  42.338  42.338  42.338  42.338  42.338  42.338  42.338  42.338
 46.711  46.711  46.711  46.711  46.711  46.711  46.711  46.711  46.711  46.711
-11.309  50.960  30.105  -2.237  20.846  56.074  45.025   8.978  66.662  21.415
 43.687  43.687  43.687  43.687  43.687  43.687  43.687  43.687  43.687  43.687
 43.099  43.099  43.099  43.099  43.099  43.099  43.099  43.099  43.099  43.099
 36.793  36.793  36.793  36.793  36.793  36.793  36.793  36.793  36.793  36.793
 44.831  44.831  44.831  44.831  44.831  44.831  44.831  44.831  44.831  44.831
 50.256  50.256  50.256  50.256  50.256  50.256  50.256  50.256  50.256  50.256
 49.553  49.553  49.553  49.553  49.553  49.553  49.553  49.553  49.553  49.553
 31.847  31.847  31.847  31.847  31.847  31.847  31.847  31.847  31.847  31.847
 -6.063   9.629   5.404  27.025   6.114   0.679   2.195  32.157  -6.559  -4.045
 48.957  48.957  48.957  48.957  48.957  48.957  48.957  48.957  48.957  48.957
 46.123  46.123  46.123  46.123  46.123  46.123  46.123  46.123  46.123  46.123
 46.123  46.123  46.123  46.123  46.123  46.123  46.123  46.123  46.123  46.123
 -4.378  41.050  18.567  49.470   5.697  13.134  19.549  26.775   6.422  29.599
 52.633  52.633  52.633  52.633  52.633  52.633  52.633  52.633  52.633  52.633
 46.365  46.365  46.365  46.365  46.365  46.365  46.365  46.365  46.365  46.365
 41.978  41.978  41.978  41.978  41.978  41.978  41.978  41.978  41.978  41.978
 45.392  45.392  45.392  45.392  45.392  45.392  45.392  45.392  45.392  45.392
 31.642  31.642  31.642  31.642  31.642  31.642  31.642  31.642  31.642  31.642
 44.657  44.657  44.657  44.657  44.657  44.657  44.657  44.657  44.657  44.657
 40.520  40.520  40.520  40.520  40.520  40.520  40.520  40.520  40.520  40.520
 51.477  37.866  11.641  14.580  -5.527  -5.584 -30.694  12.942   0.560 -23.255
 48.267  48.267  48.267  48.267  48.267  48.267  48.267  48.267  48.267  48.267
 35.587  35.587  35.587  35.587  35.587  35.587  35.587  35.587  35.587  35.587
 44.805  44.805  44.805  44.805  44.805  44.805  44.805  44.805  44.805  44.805
 42.148  42.148  42.148  42.148  42.148  42.148  42.148  42.148  42.148  42.148
 45.976  45.976  45.976  45.976  45.976  45.976  45.976  45.976  45.976  45.976
  6.554  32.358  20.746  26.021  -1.927   0.410  22.786  -6.885  30.059   0.420
 40.392  40.392  40.392  40.392  40.392  40.392  40.392  40.392  40.392  40.392
 42.095  42.095  42.095  42.095  42.095  42.095  42.095  42.095  42.095  42.095
 47.679  47.679  47.679  47.679  47.679  47.679  47.679  47.679  47.679  47.679
 32.112  32.112  32.112  32.112  32.112  32.112  32.112  32.112  32.112  32.112
 38.305  38.305  38.305  38.305  38.305  38.305  38.305  38.305  38.305  38.305
 46.140  46.140  46.140  46.140  46.140  46.140  46.140  46.140  46.140  46.140
 56.922  56.922  56.922  56.922  56.922  56.922  56.922  56.922  56.922  56.922
 35.705  35.705  35.705  35.705  35.705  35.705  35.705  35.705  35.705  35.705
 45.976  45.976  45.976  45.976  45.976  45.976  45.976  45.976  45.976  45.976
 42.656  42.656  42.656  42.656  42.656  42.656  42.656  42.656  42.656  42.656
 49.869  49.869  49.869  49.869  49.869  49.869  49.869  49.869  49.869  49.869
 45.974  45.974  45.974  45.974  45.974  45.974  45.974  45.974  45.974  45.974
 36.251  36.251  36.251  36.251  36.251  36.251  36.251  36.251  36.251  36.251
 40.154  40.154  40.154  40.154  40.154  40.154  40.154  40.154  40.154  40.154
 36.303  36.303  36.303  36.303  36.303  36.303  36.303  36.303  36.303  36.303
 44.657  44.657  44.657  44.657  44.657  44.657  44.657  44.657  44.657  44.657
 28.582  28.582  28.582  28.582  28.582  28.582  28.582  28.582  28.582  28.582
 46.123  46.123  46.123  46.123  46.123  46.123  46.123  46.123  46.123  46.123
 49.405  49.405  49.405  49.405  49.405  49.405  49.405  49.405  49.405  49.405
 47.679  47.679  47.679  47.679  47.679  47.679  47.679  47.679  47.679  47.679
 46.123  46.123  46.123  46.123  46.123  46.123  46.123  46.123  46.123  46.123
 43.228  43.228  43.228  43.228  43.228  43.228  43.228  43.228  43.228  43.228
 47.823  47.823  47.823  47.823  47.823  47.823  47.823  47.823  47.823  47.823
 28.625  28.625  28.625  28.625  28.625  28.625  28.625  28.625  28.625  28.625
 31.073  31.073  31.073  31.073  31.073  31.073  31.073  31.073  31.073  31.073
 43.839  43.839  43.839  43.839  43.839  43.839  43.839  43.839  43.839  43.839
 40.312  40.312  40.312  40.312  40.312  40.312  40.312  40.312  40.312  40.312
 27.772  27.772  27.772  27.772  27.772  27.772  27.772  27.772  27.772  27.772
 41.154  41.154  41.154  41.154  41.154  41.154  41.154  41.154  41.154  41.154
 43.506  43.506  43.506  43.506  43.506  43.506  43.506  43.506  43.506  43.506
 44.182  44.182  44.182  44.182  44.182  44.182  44.182  44.182  44.182  44.182
 44.926  44.926  44.926  44.926  44.926  44.926  44.926  44.926  44.926  44.926
 43.099  43.099  43.099  43.099  43.099  43.099  43.099  43.099  43.099  43.099
 30.309  30.309  30.309  30.309  30.309  30.309  30.309  30.309  30.309  30.309
 46.565  46.565  46.565  46.565  46.565  46.565  46.565  46.565  46.565  46.565
 45.974  45.974  45.974  45.974  45.974  45.974  45.974  45.974  45.974  45.974
 30.689  30.689  30.689  30.689  30.689  30.689  30.689  30.689  30.689  30.689
 45.392  45.392  45.392  45.392  45.392  45.392  45.392  45.392  45.392  45.392
 42.204  42.204  42.204  42.204  42.204  42.204  42.204  42.204  42.204  42.204
 44.442  63.236  13.795  -6.034  33.391  40.297  34.216  12.218  -1.946  19.022
 42.069  42.069  42.069  42.069  42.069  42.069  42.069  42.069  42.069  42.069
 48.267  48.267  48.267  48.267  48.267  48.267  48.267  48.267  48.267  48.267
