bat_ID	sex	age	DATA	Temp	Rel_Hum	WEIGTHT	ARMLETH	BODY_TEMP	Peak_Freq
2	1	2	5.24	NA	NA	23.495	60.82	36.85	68.217
3	2	2	5.31	NA	NA	21.765	59.81	33.25	69.05
16	2	2	5.31	NA	NA	20.01	59.085	32.6	69.0765
10630294	1	2	5.31	NA	NA	19.845	56.83	NA	68.853
10630312	1	2	5.31	NA	NA	23.17	59.995	32.6	NA
10630314	1	2	5.31	NA	NA	21.13	59.165	33.95	NA
10630320	1	2	5.24	NA	NA	21.385	58.595	34.05	68.435
10630322	1	2	5.31	NA	NA	21.86	59.16	32.5	69.086
10630335	2	2	6.2	NA	NA	24.48	58.205	36.4	68.5505
10630344	1	2	5.31	NA	NA	19.99	57.415	NA	NA
10630351	1	2	5.31	NA	NA	22.16	57.28	33.8	NA
10630369	2	2	5.31	NA	NA	22.735	61.78	28.15	69.0545
10630370	1	2	6.2	NA	NA	25.22	58.385	35.65	68.229
10630371	2	2	5.31	NA	NA	21.785	58.995	NA	NA
10630375	1	2	6.2	NA	NA	25.275	58.25	34.5	NA
10630379	1	2	6.2	NA	NA	22.71	57.58	36.85	68.594
10630383	1	2	5.31	NA	NA	19.53	60.15	31.4	69.0105
10630384	1	2	5.31	NA	NA	19.005	58.45	NA	68.3395
10630386	1	2	5.31	NA	NA	22.17	59.59	NA	68.795
10630388	1	2	5.31	NA	NA	19.095	57.895	NA	68.9555
FB0501	1	1	9.1	21.9	67	20.84	58.42	35.9	68.4029
FB0502	1	1	9.1	22	66.3	20.38	58.53	35.5	68.435
FB0503	1	1	9.1	21.8	67.7	18.03	57.17	35.7	68.1345
FB0504	1	1	9.1	22.2	66.8	18.78	60.58	33.9	67.754
FB0505	1	1	9.1	21.7	67.4	18.47	58.03	33.7	68.56
FB0506	2	1	9.1	21.4	68.7	18.99	58.43	35.2	68.7145
FB0507	1	1	9.1	22	67.8	18.73	59.97	34.7	68.2465
FB0508	1	1	9.1	21.8	67.5	18.75	58.31	32	68.5685
FB0509	1	1	9.1	21.6	67.5	20.52	59.67	38	68.19
FB0510	1	1	9.1	21.5	67.9	18.7	58.75	34.2	68.597
FB0511	1	1	9.1	21.5	68	18.5	58.92	34.4	68.625
FB0512	1	1	9.1	21.8	68.2	16.13	57.54	33.4	67.6545
FB0513	2	1	9.1	21.5	67.9	19.74	59.29	35.8	68.711
FB0514	1	1	9.1	21.2	68.7	18.93	58.71	34.2	68.0525
FB0515	2	1	9.1	21.1	63.4	22.95	60.64	34.6	68.911
FB0516	2	2	9.1	21.4	62.5	19.73	60.61	37.1	68.5495
FB0517	1	2	9.1	21.2	63.4	21.41	58.91	35.1	68.3725
FB0518	1	1	9.1	21	64.4	19.4	57.72	36.1	68.231
FB0519	2	1	9.1	21.3	63	19.37	58.55	36.5	68.237
FB0520	1	1	9.1	21.3	63.5	19.18	58.63	34.8	68.3355
FB0521	2	1	9.1	21.2	63.3	18.07	57.95	34.4	68.344
FB0522	2	1	9.1	21.5	62.8	18.42	57.4	34.4	68.1265
FB0523	2	1	9.1	21.6	62.6	18.69	58.21	36.7	68.214
FB0524	1	1	9.1	21.4	63.7	17.51	57.95	33.4	67.812
FB0525	1	2	9.1	21.4	63.9	19.16	56.92	32.5	67.9635
FB0526	1	2	9.1	21.4	63.4	20.94	58.03	38	68.723
FB0527	1	1	9.1	21.4	64.5	19.31	59.2	36.2	68.026
FB0528	2	1	9.1	21.2	65.1	20.27	59.65	35.4	68.656
FB0529	1	2	9.2	15	98.7	24.91	58.46	36.2	68.1715
FB0530	1	2	9.2	15.2	98	22.21	58.74	36.3	68.259
FB0531	1	2	9.2	15.4	98.5	20.71	57.3	37.3	68.183
FB0532	1	1	9.2	14.9	99.1	23.16	59.85	35.3	67.8735
FB0533	1	1	9.2	15.2	98	21.06	59.12	36.4	NA
FB0534	1	2	9.2	14.8	98.8	25.19	58.93	34.2	68.5935
FB0535	2	1	9.2	15	98.5	20.46	58.6	35.8	67.8185
FB0536	2	1	9.2	15	98.4	19.14	58.92	36.6	68.564
FB0537	2	1	9.2	15	98.2	18.14	56.81	35.4	68.6015
FB0538	1	2	9.2	14.9	98.4	23	58.09	34.5	67.8455
FB0539	1	2	9.2	15	98.3	24.7	56.62	35.2	NA
FB0540	2	2	9.2	15.6	99.1	24.35	60.53	35.4	68.813
FB1049	1	2	9.1	22.7	66.8	21.37	58.42	35	68.545
FB1051	2	1	8.24	15.1	92.5	18.57	57.26	34.5	68.62345
FB1052	2	2	8.24	14.7	93.5	24.92	59.85	36.3	68.582
FB1053	2	1	8.24	14.8	93.2	18.04	58.61	33.7	68.4405
FB1054	2	1	8.24	14.7	93	17.59	59.32	32.5	NA
FB1055	1	1	8.24	14.7	93.2	16.46	57.01	31.7	68.616
FB1056	2	2	8.24	14.7	92.9	24.42	61.65	34.2	68.625
FB1057	2	2	8.24	14.7	92.9	23.69	58.59	35.5	68.6445
FB1058	1	1	8.24	14.6	93.1	17.02	58.3	37.9	67.718
FB1059	2	2	8.24	14.6	93.1	22.44	57.1	35.7	68.2265
FB1060	1	1	8.24	14.6	93.2	15.97	56.26	33.7	68.732
FB1061	2	1	9.1	21.5	68.6	18.02	59.6	33.4	68.2835
FB1062	2	2	8.24	14.6	93.2	23.25	60.2	37.7	68.527
FB1063	1	1	8.24	14.5	93.5	15.07	56.47	33.7	NA
FB1064	2	1	8.24	14.4	93.7	19.99	60.88	35.7	68.5305
FB1065	2	1	8.24	14.4	93.6	17.54	58.76	33.3	68.632
FB1066	2	1	8.24	14.4	94.9	14.61	58.16	31.4	68.7875
FB1067	2	2	8.24	14.3	95.7	20.66	57.58	37.8	68.9595
FB1068	1	2	8.24	14.2	95.9	18.95	61.5	35.6	68.6965
FB1069	2	1	8.24	14.2	96.8	22.4	59.36	36.8	68.819
FB1070	2	2	8.24	14	98.5	22.96	58.94	36.2	68.802
FB1071	2	2	8.24	14.3	99.5	22	58.74	35.2	68.5505
FB1072	1	2	8.24	14.8	100	22.73	58.1	35.3	68.7805
FB1073	2	2	8.24	14.8	99.7	23.6	57.43	35.8	68.639
FB1074	2	2	8.24	14.9	96.5	24.06	58.55	36.2	68.7545
FB1075	2	1	8.24	14.7	97.2	15.92	57.67	32.3	68.63855
FB1076	2	1	8.24	14.8	97.1	16.85	57.42	35.4	68.71025
FB1077	1	1	8.24	14.9	97.2	20.58	57.78	34.4	68.5465
FB1078	2	1	8.24	15.1	97.8	20.47	58.92	37.5	68.6587
FB1079	2	1	8.24	15.2	97.4	18.74	61.49	34.7	68.428
FB1080	1	1	8.24	15.2	97.2	18.51	57.51	35.7	68.7705
FB1081	2	1	8.24	15.7	97.4	15.76	59.36	32.5	NA
FB1082	2	1	8.24	15.6	94.3	18.84	59.94	32.5	68.4395
FB1083	1	1	8.24	15.8	95.6	19.4	59.04	33.3	68.5635
FB1084	2	2	8.24	15.9	95.9	24.48	59.64	34.7	68.3235
FB1085	1	2	8.24	16.1	96.1	21.84	58.32	36.8	68.589
FB1086	2	2	8.24	16.2	95.3	22.84	56.69	35.8	68.5745
FB1087	2	2	8.24	16.2	95.7	27.12	59.33	36.3	68.375
FB1088	2	1	8.24	16.4	95.5	22.2	56.93	34.5	69.011
FB1089	2	1	8.24	16.3	94.8	NA	55.87	NA	NA
FB1090	2	2	8.24	16.3	94.3	23.84	59.7	34.7	68.4985
FB1091	2	2	8.24	17	88.3	24.71	58.09	36.7	68.939
FB1092	1	2	8.24	NA	NA	21.86	57.86	35	NA
FB1093	2	1	8.24	16.3	93.4	19.22	59.18	37	68.627
FB1094	2	1	8.24	16.9	89.7	20.23	58.06	36.4	68.6535
FB1095	1	1	8.24	16.9	89.2	17.61	56.93	36.2	67.819
FB1096	2	2	8.24	18.3	87.6	25.37	57.99	35.5	68.864
FB1097	2	1	8.24	17.5	90.4	14.04	57.12	34.3	NA
FB1098	1	1	8.24	16.9	90.8	18.48	58.57	35.5	68.098
FB1099	2	1	8.24	14.7	92.7	19.44	60.39	36.3	68.748
FB1100	2	2	8.24	14.7	93	25.64	58.98	36.8	68.2615
FB1101	1	1	8.24	15	93.3	17.5	58.05	33.6	68.1875
FB1102	1	1	8.24	15.1	93	18.63	57.68	34.1	68.4248
FB1103	1	1	8.24	18.2	86	18.73	58.34	36.5	67.991
FB1104	2	1	8.24	15.3	92.2	18.01	57.47	34	68.082
FB1105	1	1	8.24	15.3	91.3	16.48	57.95	33.2	68.4635
FB1106	2	2	8.24	15.6	91.5	22.32	60.68	35	68.739
FB1107	2	2	8.24	15.3	91.4	23.46	59.94	34.9	68.642
FB1108	2	2	8.25	19.1	89.2	27.33	59.16	36.6	68.1965
FB1109	1	1	8.25	19.2	88.9	19.75	59.13	37.7	68.7715
FB1110	2	1	8.25	19	90.1	18.78	60.08	37.2	68.4215
FB1111	2	2	8.25	18.9	90	21.24	59.46	38	68.817
FB1112	1	1	8.25	19.1	88.8	18.75	56.98	36.7	68.6675
FB1113	2	1	8.25	19.1	88.8	18.92	58.58	38	68.8515
FB1114	2	2	8.25	19	88.9	22.94	59.99	37.2	68.6605
FB1115	1	1	8.25	19.1	86.6	18.18	57.24	36.2	68.873
FB1116	2	2	8.25	19.3	87.2	23.75	57.57	35.9	68.8525
FB1117	2	2	8.25	NA	NA	24.76	57.83	36.4	NA
FB1118	2	1	8.25	19.2	87.5	20.76	59.25	35.7	68.0205
FB1119	2	1	8.25	19.1	87.5	18.16	56.36	36.4	68.5765
FB1120	1	2	8.25	19	87.8	20.54	57.99	37	68.735
FB1121	2	2	8.25	19	88.7	24.22	60.14	36.4	NA
FB1122	2	1	8.25	19	89	19.2	61.29	36.8	68.4565
FB1123	1	1	8.25	19.3	86.9	18.72	58.08	37.5	68.558
FB1124	2	2	9.1	21.1	64.3	19.24	59.23	34.5	68.754
FB1125	1	1	8.25	19.1	88.1	17.04	57.5	33.5	67.643
FB1126	1	1	8.25	19.4	85.9	17.85	57.98	34.6	68.787
FB1127	1	1	8.25	19.4	86.5	18.2	59.65	34.1	68.8594
FB1128	2	2	8.25	19.4	86.1	21.49	58.69	37.23	68.6215
FB1129	1	1	8.25	19.4	86.7	17.59	59.32	34.6	68.6755
FB1130	1	2	8.25	19.3	87.4	21.65	59.16	33.9	68.598
FB1131	2	1	8.25	19.2	88.1	18.43	57.47	35.4	68.442
FB1132	2	1	8.25	19.1	87.7	18.78	58.92	34.4	68.0545
FB1133	1	1	9.1	22.1	67.6	18.84	56.39	36.1	68.216
FB1134	2	1	8.25	18.9	90.4	18.76	57.19	34.3	68.5562
FB1135	2	1	8.25	19	90.1	17.48	56.91	35.3	69.0065
FB1136	2	1	8.25	19	89.9	19.3	58.11	34.5	68.528
FB1137	1	1	8.25	19	89.6	16.57	57.77	33.4	68.3475
FB1138	2	2	8.25	18.9	90	22.2	59.53	36.7	68.9465
FB1139	1	1	8.25	18.8	90.4	19.21	58.82	34.2	68.2975
FB1140	2	2	8.25	18.8	90	23.26	58.41	37.8	68.8685
FB1141	2	1	8.25	18.7	90.7	18.85	59.21	33.7	68.25035
FB1142	2	1	8.25	18.8	90.4	18.31	61.34	32.5	68.6275
FB1143	2	2	8.25	18.7	90.7	23.53	60.01	36	68.766
FB1144	2	1	8.25	18.9	89.7	19.33	59.76	35.3	68.6455
FB1145	1	1	8.25	18.8	89.8	17.81	58.64	34.8	68.3715
FB1146	2	1	9.1	22.7	64.2	19.8	58.35	34.3	NA
FB1147	2	2	8.25	18.7	90	24.34	58.51	36.6	68.221
FB1148	2	1	8.25	18.6	90.1	19.36	60.05	35.5	68.519
FB1149	1	1	8.25	19.5	86.6	16.74	57.31	34.9	68.352
FB1150	2	1	9.1	22.1	67.5	19.31	59.32	35.4	68.0715
FB1201	2	1	9.1	22.2	68.3	25.31	59.69	36.3	68.61
FB1202	1	1	9.1	22.1	67.5	19.52	57.24	38	68.42
FB1203	2	2	9.1	21.9	69.2	22.52	58.81	37.8	69.004
FB1204	1	1	9.1	21.8	68.8	20.62	57.57	38.2	67.878
FB1205	1	2	9.1	22.2	68.5	21.73	59.49	36.8	68.2765
FB1206	1	1	9.1	22	68.8	18.99	58.88	36.3	68.314
FB1207	2	1	9.1	22	68.1	20.78	57.8	36.5	68.386
FB1208	1	1	9.1	22.1	67.8	20.75	58.53	38.6	68.059
FB1209	1	1	9.1	22.1	68.3	20.89	58.16	36.6	68.19
FB1210	2	1	9.1	21.8	68.9	20.21	59.06	37.8	68.2705
FB1211	2	2	9.1	22.2	68.1	22.56	59.51	37.2	68.642
FB1212	2	1	9.1	21.8	69.7	18.14	58.2	37.1	68.415
FB1213	2	1	9.1	22.2	68.5	18.95	56.85	36.4	68.1015
FB1214	2	1	9.1	22.1	68.8	20.72	59.87	36.9	68.241
FB1215	1	1	9.1	22.3	67.1	17.82	59.51	35.3	68.6525
FB1216	2	2	9.1	21.6	70.3	23.8	59.76	34.6	68.9445
FB1217	2	1	9.1	21.9	69.6	19.5	59.9	35.6	68.232
FB1218	1	1	9.1	21.9	67.1	19.03	59.51	36	68.4615
FB1219	2	1	9.1	21.6	68.9	20.22	58.27	35.5	68.149
FB1220	1	1	9.1	21.8	68.9	20.1	58.16	35.5	68.212
FB1221	1	1	9.1	21.9	68.9	22.48	58.67	35.2	68.2135
FB1222	2	2	9.1	21.8	69.2	22.55	59.09	36.2	68.5665
FB1223	2	2	9.1	22	68.2	17.86	59.08	36.2	68.3255
FB1224	1	1	9.1	22.4	67.4	20.08	59.86	35.9	68.0725
FB1225	2	1	9.1	22.3	67.7	19.61	59.18	36.4	68.538
FB1226	1	1	9.1	22.4	67.8	19.95	57.28	36.2	NA
FB1227	2	2	9.1	22.5	66.7	25.03	60.01	34.9	68.5605
FB1228	1	1	9.1	22.5	66.9	20.83	59.55	35	68.0665
FB1229	1	2	9.1	22.4	67.3	23.82	58.68	36.2	68.5355
FB1230	1	1	9.1	22.7	66.7	18.85	58.99	36.1	68.335
FB1231	1	1	9.1	22.4	68.7	19.96	58	36.2	68.38
FB1232	2	1	9.1	22.7	66.1	19.36	60.85	34.9	68.624
FB1233	1	1	9.1	22.5	67.9	17.91	56.62	36	68.2435
FB1234	1	1	9.1	21.9	69.5	19.15	59.63	37.2	68.311
FB1235	2	1	9.1	22	69.8	17.18	57.55	37.4	68.2655
FB1236	1	1	9.1	21.9	70.2	18.3	58.69	35.2	67.831
FB1237	2	2	9.1	21.3	72.1	20.41	58.99	33.8	68.817
FB1238	2	2	9.1	21.6	71.1	24.71	58.86	36.5	68.4795
FB1239	1	1	9.1	21.2	75.4	19.33	60.02	36.5	68.344
FB1240	2	2	9.1	20.5	77.7	23.38	59.52	36.3	68.237
FB1241	1	1	9.1	20.7	75.4	19.01	57.85	34.6	NA
FB1242	1	2	9.1	21.3	73.7	23.24	59.52	35.3	68.4255
FB1243	2	2	9.1	20.3	80	26.47	57.17	36.6	68.364
FB1244	2	2	9.1	20.1	81.8	22.62	59.24	37.6	68.652
FB1245	1	2	9.1	19.9	82.5	21.71	58.9	35.1	68.626
FB1246	1	1	9.1	20	82.5	19.86	58.35	34.3	NA
FB1247	2	1	9.1	20.1	81.4	19.35	57.68	35.9	68.3545
FB1250	2	1	9.1	21.4	69.7	20.45	58.58	35.8	68.5875
JH5008	1	2	9.2	16.1	100	24.23	57.84	36.7	68.226
